SET NAMES utf8mb4;

INSERT INTO `user5g` (`id`, `event_id`, `site_id`, `Date_Time`, `NR_Cell_ID`, `Cell_Name`, `MO_Signal_RRC_Number`, `MO_Data_RRC_Number`, `MT_Access_RRC_Number`, `Other_RRC_Number`, `Total_RRC_Number`, `VoNR_UE_Number`, `CA_UE_Number`, `EN_DC_UE_Number`, `UL_and_DL_Decoupling_UE_Number`, `Super_Uplink_UE_Number`, `DRB_Number`, `Cloud_VR_UE_Number`, `UL_Live_Video_Number`, `FWA_Private_Line_UE_Number`, `FWA_B2H_UE_Number`, `Cell_Cloud_Gaming_UE_Number`, `NR_DC_UE_Number`, `RedCap_UE_Number`, `Cell_Cloud_Phone_UE_Number`, `created_at`, `updated_at`) VALUES
(758,	1098,	18847,	'2025-04-01 23:44:00',	91,	'NM700517O3415903591',	0,	0,	0,	0,	0,	0,	0,	0,	0,	0,	0,	0,	0,	0,	0,	0,	0,	0,	0,	NULL,	NULL),
(759,	1098,	18847,	'2025-04-01 23:44:00',	92,	'NM700527O3415903592',	0,	0,	0,	0,	0,	0,	0,	0,	0,	0,	0,	0,	0,	0,	0,	0,	0,	0,	0,	NULL,	NULL),
(760,	1098,	18847,	'2025-04-01 23:44:00',	93,	'NM700537O3415903593',	0,	0,	0,	0,	0,	0,	0,	0,	0,	0,	0,	0,	0,	0,	0,	0,	0,	0,	0,	NULL,	NULL),
(761,	1098,	19288,	'2025-04-01 23:44:00',	91,	'N0G17817O3416211191',	0,	0,	0,	0,	0,	0,	0,	0,	0,	0,	0,	0,	0,	0,	0,	0,	0,	0,	0,	NULL,	NULL),
(762,	1098,	19288,	'2025-04-01 23:44:00',	92,	'N0G17827O3416211192',	0,	0,	0,	0,	0,	0,	0,	0,	0,	0,	0,	0,	0,	0,	0,	0,	0,	0,	0,	NULL,	NULL),
(763,	1098,	19288,	'2025-04-01 23:44:00',	93,	'N0G17837O3416211193',	0,	0,	0,	0,	0,	0,	0,	0,	0,	0,	0,	0,	0,	0,	0,	0,	0,	0,	0,	NULL,	NULL),
(764,	1098,	19288,	'2025-04-01 23:44:00',	94,	'N0G17847O3416211194',	0,	0,	0,	0,	0,	0,	0,	0,	0,	0,	0,	0,	0,	0,	0,	0,	0,	0,	0,	NULL,	NULL),
(765,	1098,	20166,	'2025-04-01 23:44:00',	91,	'NK839017O3416463491',	0,	0,	0,	0,	0,	0,	0,	0,	0,	0,	0,	0,	0,	0,	0,	0,	0,	0,	0,	NULL,	NULL),
(766,	1098,	20166,	'2025-04-01 23:44:00',	92,	'NK839027O3416463492',	0,	0,	0,	0,	0,	0,	0,	0,	0,	0,	0,	0,	0,	0,	0,	0,	0,	0,	0,	NULL,	NULL),
(767,	1098,	20166,	'2025-04-01 23:44:00',	94,	'NK839047O3416463494',	0,	0,	0,	0,	0,	0,	0,	0,	0,	0,	0,	0,	0,	0,	0,	0,	0,	0,	0,	NULL,	NULL),
(768,	1098,	20166,	'2025-04-01 23:44:00',	95,	'NK839057O3416463495',	0,	0,	0,	0,	0,	0,	0,	0,	0,	0,	0,	0,	0,	0,	0,	0,	0,	0,	0,	NULL,	NULL),
(747,	1098,	18847,	'2025-04-01 23:43:00',	91,	'NM700517O3415903591',	0,	0,	0,	0,	0,	0,	0,	0,	0,	0,	0,	0,	0,	0,	0,	0,	0,	0,	0,	NULL,	NULL),
(748,	1098,	18847,	'2025-04-01 23:43:00',	92,	'NM700527O3415903592',	0,	0,	0,	0,	0,	0,	0,	0,	0,	0,	0,	0,	0,	0,	0,	0,	0,	0,	0,	NULL,	NULL),
(749,	1098,	18847,	'2025-04-01 23:43:00',	93,	'NM700537O3415903593',	0,	0,	0,	0,	0,	0,	0,	0,	0,	0,	0,	0,	0,	0,	0,	0,	0,	0,	0,	NULL,	NULL),
(750,	1098,	19288,	'2025-04-01 23:43:00',	91,	'N0G17817O3416211191',	0,	0,	0,	0,	0,	0,	0,	0,	0,	0,	0,	0,	0,	0,	0,	0,	0,	0,	0,	NULL,	NULL),
(751,	1098,	19288,	'2025-04-01 23:43:00',	92,	'N0G17827O3416211192',	0,	0,	0,	0,	0,	0,	0,	0,	0,	0,	0,	0,	0,	0,	0,	0,	0,	0,	0,	NULL,	NULL),
(752,	1098,	19288,	'2025-04-01 23:43:00',	93,	'N0G17837O3416211193',	0,	0,	0,	0,	0,	0,	0,	0,	0,	0,	0,	0,	0,	0,	0,	0,	0,	0,	0,	NULL,	NULL),
(753,	1098,	19288,	'2025-04-01 23:43:00',	94,	'N0G17847O3416211194',	0,	0,	0,	0,	0,	0,	0,	0,	0,	0,	0,	0,	0,	0,	0,	0,	0,	0,	0,	NULL,	NULL),
(754,	1098,	20166,	'2025-04-01 23:43:00',	91,	'NK839017O3416463491',	0,	0,	0,	0,	0,	0,	0,	0,	0,	0,	0,	0,	0,	0,	0,	0,	0,	0,	0,	NULL,	NULL),
(755,	1098,	20166,	'2025-04-01 23:43:00',	92,	'NK839027O3416463492',	0,	0,	0,	0,	0,	0,	0,	0,	0,	0,	0,	0,	0,	0,	0,	0,	0,	0,	0,	NULL,	NULL),
(756,	1098,	20166,	'2025-04-01 23:43:00',	94,	'NK839047O3416463494',	0,	0,	0,	0,	0,	0,	0,	0,	0,	0,	0,	0,	0,	0,	0,	0,	0,	0,	0,	NULL,	NULL),
(757,	1098,	20166,	'2025-04-01 23:43:00',	95,	'NK839057O3416463495',	0,	0,	0,	0,	0,	0,	0,	0,	0,	0,	0,	0,	0,	0,	0,	0,	0,	0,	0,	NULL,	NULL),
(736,	1098,	18847,	'2025-04-01 23:42:00',	91,	'NM700517O3415903591',	0,	0,	0,	0,	0,	0,	0,	0,	0,	0,	0,	0,	0,	0,	0,	0,	0,	0,	0,	NULL,	NULL),
(737,	1098,	18847,	'2025-04-01 23:42:00',	92,	'NM700527O3415903592',	0,	0,	0,	0,	0,	0,	0,	0,	0,	0,	0,	0,	0,	0,	0,	0,	0,	0,	0,	NULL,	NULL),
(738,	1098,	18847,	'2025-04-01 23:42:00',	93,	'NM700537O3415903593',	0,	0,	0,	0,	0,	0,	0,	0,	0,	0,	0,	0,	0,	0,	0,	0,	0,	0,	0,	NULL,	NULL),
(739,	1098,	19288,	'2025-04-01 23:42:00',	91,	'N0G17817O3416211191',	0,	0,	0,	0,	0,	0,	0,	0,	0,	0,	0,	0,	0,	0,	0,	0,	0,	0,	0,	NULL,	NULL),
(740,	1098,	19288,	'2025-04-01 23:42:00',	92,	'N0G17827O3416211192',	0,	0,	0,	0,	0,	0,	0,	0,	0,	0,	0,	0,	0,	0,	0,	0,	0,	0,	0,	NULL,	NULL),
(741,	1098,	19288,	'2025-04-01 23:42:00',	93,	'N0G17837O3416211193',	0,	0,	0,	0,	0,	0,	0,	0,	0,	0,	0,	0,	0,	0,	0,	0,	0,	0,	0,	NULL,	NULL),
(742,	1098,	19288,	'2025-04-01 23:42:00',	94,	'N0G17847O3416211194',	0,	0,	0,	0,	0,	0,	0,	0,	0,	0,	0,	0,	0,	0,	0,	0,	0,	0,	0,	NULL,	NULL),
(743,	1098,	20166,	'2025-04-01 23:42:00',	91,	'NK839017O3416463491',	0,	0,	0,	0,	0,	0,	0,	0,	0,	0,	0,	0,	0,	0,	0,	0,	0,	0,	0,	NULL,	NULL),
(744,	1098,	20166,	'2025-04-01 23:42:00',	92,	'NK839027O3416463492',	0,	0,	0,	0,	0,	0,	0,	0,	0,	0,	0,	0,	0,	0,	0,	0,	0,	0,	0,	NULL,	NULL),
(745,	1098,	20166,	'2025-04-01 23:42:00',	94,	'NK839047O3416463494',	0,	0,	0,	0,	0,	0,	0,	0,	0,	0,	0,	0,	0,	0,	0,	0,	0,	0,	0,	NULL,	NULL),
(746,	1098,	20166,	'2025-04-01 23:42:00',	95,	'NK839057O3416463495',	0,	0,	0,	0,	0,	0,	0,	0,	0,	0,	0,	0,	0,	0,	0,	0,	0,	0,	0,	NULL,	NULL),
(725,	1098,	18847,	'2025-04-01 23:41:00',	91,	'NM700517O3415903591',	0,	0,	0,	0,	0,	0,	0,	0,	0,	0,	0,	0,	0,	0,	0,	0,	0,	0,	0,	NULL,	NULL),
(726,	1098,	18847,	'2025-04-01 23:41:00',	92,	'NM700527O3415903592',	0,	0,	0,	0,	0,	0,	0,	0,	0,	0,	0,	0,	0,	0,	0,	0,	0,	0,	0,	NULL,	NULL),
(727,	1098,	18847,	'2025-04-01 23:41:00',	93,	'NM700537O3415903593',	0,	0,	0,	0,	0,	0,	0,	0,	0,	0,	0,	0,	0,	0,	0,	0,	0,	0,	0,	NULL,	NULL),
(728,	1098,	19288,	'2025-04-01 23:41:00',	91,	'N0G17817O3416211191',	0,	0,	0,	0,	0,	0,	0,	0,	0,	0,	0,	0,	0,	0,	0,	0,	0,	0,	0,	NULL,	NULL),
(729,	1098,	19288,	'2025-04-01 23:41:00',	92,	'N0G17827O3416211192',	0,	0,	0,	0,	0,	0,	0,	0,	0,	0,	0,	0,	0,	0,	0,	0,	0,	0,	0,	NULL,	NULL),
(730,	1098,	19288,	'2025-04-01 23:41:00',	93,	'N0G17837O3416211193',	0,	0,	0,	0,	0,	0,	0,	0,	0,	0,	0,	0,	0,	0,	0,	0,	0,	0,	0,	NULL,	NULL),
(731,	1098,	19288,	'2025-04-01 23:41:00',	94,	'N0G17847O3416211194',	0,	0,	0,	0,	0,	0,	0,	0,	0,	0,	0,	0,	0,	0,	0,	0,	0,	0,	0,	NULL,	NULL),
(732,	1098,	20166,	'2025-04-01 23:41:00',	91,	'NK839017O3416463491',	0,	0,	0,	0,	0,	0,	0,	0,	0,	0,	0,	0,	0,	0,	0,	0,	0,	0,	0,	NULL,	NULL),
(733,	1098,	20166,	'2025-04-01 23:41:00',	92,	'NK839027O3416463492',	0,	0,	0,	0,	0,	0,	0,	0,	0,	0,	0,	0,	0,	0,	0,	0,	0,	0,	0,	NULL,	NULL),
(734,	1098,	20166,	'2025-04-01 23:41:00',	94,	'NK839047O3416463494',	0,	0,	0,	0,	0,	0,	0,	0,	0,	0,	0,	0,	0,	0,	0,	0,	0,	0,	0,	NULL,	NULL),
(735,	1098,	20166,	'2025-04-01 23:41:00',	95,	'NK839057O3416463495',	0,	0,	0,	0,	0,	0,	0,	0,	0,	0,	0,	0,	0,	0,	0,	0,	0,	0,	0,	NULL,	NULL),
(714,	1098,	18847,	'2025-04-01 23:40:00',	91,	'NM700517O3415903591',	0,	0,	0,	0,	0,	0,	0,	0,	0,	0,	0,	0,	0,	0,	0,	0,	0,	0,	0,	NULL,	NULL),
(715,	1098,	18847,	'2025-04-01 23:40:00',	92,	'NM700527O3415903592',	0,	0,	0,	0,	0,	0,	0,	0,	0,	0,	0,	0,	0,	0,	0,	0,	0,	0,	0,	NULL,	NULL),
(716,	1098,	18847,	'2025-04-01 23:40:00',	93,	'NM700537O3415903593',	0,	0,	0,	0,	0,	0,	0,	0,	0,	0,	0,	0,	0,	0,	0,	0,	0,	0,	0,	NULL,	NULL),
(717,	1098,	19288,	'2025-04-01 23:40:00',	91,	'N0G17817O3416211191',	0,	0,	0,	0,	0,	0,	0,	0,	0,	0,	0,	0,	0,	0,	0,	0,	0,	0,	0,	NULL,	NULL),
(718,	1098,	19288,	'2025-04-01 23:40:00',	92,	'N0G17827O3416211192',	0,	0,	0,	0,	0,	0,	0,	0,	0,	0,	0,	0,	0,	0,	0,	0,	0,	0,	0,	NULL,	NULL),
(719,	1098,	19288,	'2025-04-01 23:40:00',	93,	'N0G17837O3416211193',	0,	0,	0,	0,	0,	0,	0,	0,	0,	0,	0,	0,	0,	0,	0,	0,	0,	0,	0,	NULL,	NULL),
(720,	1098,	19288,	'2025-04-01 23:40:00',	94,	'N0G17847O3416211194',	0,	0,	0,	0,	0,	0,	0,	0,	0,	0,	0,	0,	0,	0,	0,	0,	0,	0,	0,	NULL,	NULL),
(721,	1098,	20166,	'2025-04-01 23:40:00',	91,	'NK839017O3416463491',	0,	0,	0,	0,	0,	0,	0,	0,	0,	0,	0,	0,	0,	0,	0,	0,	0,	0,	0,	NULL,	NULL),
(722,	1098,	20166,	'2025-04-01 23:40:00',	92,	'NK839027O3416463492',	0,	0,	0,	0,	0,	0,	0,	0,	0,	0,	0,	0,	0,	0,	0,	0,	0,	0,	0,	NULL,	NULL),
(723,	1098,	20166,	'2025-04-01 23:40:00',	94,	'NK839047O3416463494',	0,	0,	0,	0,	0,	0,	0,	0,	0,	0,	0,	0,	0,	0,	0,	0,	0,	0,	0,	NULL,	NULL),
(724,	1098,	20166,	'2025-04-01 23:40:00',	95,	'NK839057O3416463495',	0,	0,	0,	0,	0,	0,	0,	0,	0,	0,	0,	0,	0,	0,	0,	0,	0,	0,	0,	NULL,	NULL),
(703,	1098,	18847,	'2025-04-01 23:39:00',	91,	'NM700517O3415903591',	0,	0,	0,	0,	0,	0,	0,	0,	0,	0,	0,	0,	0,	0,	0,	0,	0,	0,	0,	NULL,	NULL),
(704,	1098,	18847,	'2025-04-01 23:39:00',	92,	'NM700527O3415903592',	0,	0,	0,	1,	1,	0,	0,	1,	0,	0,	1,	0,	0,	0,	0,	0,	0,	0,	0,	NULL,	NULL),
(705,	1098,	18847,	'2025-04-01 23:39:00',	93,	'NM700537O3415903593',	0,	0,	0,	0,	0,	0,	0,	0,	0,	0,	0,	0,	0,	0,	0,	0,	0,	0,	0,	NULL,	NULL),
(706,	1098,	19288,	'2025-04-01 23:39:00',	91,	'N0G17817O3416211191',	0,	0,	0,	0,	0,	0,	0,	0,	0,	0,	0,	0,	0,	0,	0,	0,	0,	0,	0,	NULL,	NULL),
(707,	1098,	19288,	'2025-04-01 23:39:00',	92,	'N0G17827O3416211192',	0,	0,	0,	0,	0,	0,	0,	0,	0,	0,	0,	0,	0,	0,	0,	0,	0,	0,	0,	NULL,	NULL),
(708,	1098,	19288,	'2025-04-01 23:39:00',	93,	'N0G17837O3416211193',	0,	0,	0,	0,	0,	0,	0,	0,	0,	0,	0,	0,	0,	0,	0,	0,	0,	0,	0,	NULL,	NULL),
(709,	1098,	19288,	'2025-04-01 23:39:00',	94,	'N0G17847O3416211194',	0,	0,	0,	0,	0,	0,	0,	0,	0,	0,	0,	0,	0,	0,	0,	0,	0,	0,	0,	NULL,	NULL),
(710,	1098,	20166,	'2025-04-01 23:39:00',	91,	'NK839017O3416463491',	0,	0,	0,	0,	0,	0,	0,	0,	0,	0,	0,	0,	0,	0,	0,	0,	0,	0,	0,	NULL,	NULL),
(711,	1098,	20166,	'2025-04-01 23:39:00',	92,	'NK839027O3416463492',	0,	0,	0,	0,	0,	0,	0,	0,	0,	0,	0,	0,	0,	0,	0,	0,	0,	0,	0,	NULL,	NULL),
(712,	1098,	20166,	'2025-04-01 23:39:00',	94,	'NK839047O3416463494',	0,	0,	0,	0,	0,	0,	0,	0,	0,	0,	0,	0,	0,	0,	0,	0,	0,	0,	0,	NULL,	NULL),
(713,	1098,	20166,	'2025-04-01 23:39:00',	95,	'NK839057O3416463495',	0,	0,	0,	0,	0,	0,	0,	0,	0,	0,	0,	0,	0,	0,	0,	0,	0,	0,	0,	NULL,	NULL),
(692,	1098,	18847,	'2025-04-01 23:38:00',	91,	'NM700517O3415903591',	0,	0,	0,	0,	0,	0,	0,	0,	0,	0,	0,	0,	0,	0,	0,	0,	0,	0,	0,	NULL,	NULL),
(693,	1098,	18847,	'2025-04-01 23:38:00',	92,	'NM700527O3415903592',	0,	0,	0,	0,	0,	0,	0,	0,	0,	0,	0,	0,	0,	0,	0,	0,	0,	0,	0,	NULL,	NULL),
(694,	1098,	18847,	'2025-04-01 23:38:00',	93,	'NM700537O3415903593',	0,	0,	0,	0,	0,	0,	0,	0,	0,	0,	0,	0,	0,	0,	0,	0,	0,	0,	0,	NULL,	NULL),
(695,	1098,	19288,	'2025-04-01 23:38:00',	91,	'N0G17817O3416211191',	0,	0,	0,	0,	0,	0,	0,	0,	0,	0,	0,	0,	0,	0,	0,	0,	0,	0,	0,	NULL,	NULL),
(696,	1098,	19288,	'2025-04-01 23:38:00',	92,	'N0G17827O3416211192',	0,	0,	0,	0,	0,	0,	0,	0,	0,	0,	0,	0,	0,	0,	0,	0,	0,	0,	0,	NULL,	NULL),
(697,	1098,	19288,	'2025-04-01 23:38:00',	93,	'N0G17837O3416211193',	0,	0,	0,	0,	0,	0,	0,	0,	0,	0,	0,	0,	0,	0,	0,	0,	0,	0,	0,	NULL,	NULL),
(698,	1098,	19288,	'2025-04-01 23:38:00',	94,	'N0G17847O3416211194',	0,	0,	0,	0,	0,	0,	0,	0,	0,	0,	0,	0,	0,	0,	0,	0,	0,	0,	0,	NULL,	NULL),
(699,	1098,	20166,	'2025-04-01 23:38:00',	91,	'NK839017O3416463491',	0,	0,	0,	0,	0,	0,	0,	0,	0,	0,	0,	0,	0,	0,	0,	0,	0,	0,	0,	NULL,	NULL),
(700,	1098,	20166,	'2025-04-01 23:38:00',	92,	'NK839027O3416463492',	0,	0,	0,	0,	0,	0,	0,	0,	0,	0,	0,	0,	0,	0,	0,	0,	0,	0,	0,	NULL,	NULL),
(701,	1098,	20166,	'2025-04-01 23:38:00',	94,	'NK839047O3416463494',	0,	0,	0,	0,	0,	0,	0,	0,	0,	0,	0,	0,	0,	0,	0,	0,	0,	0,	0,	NULL,	NULL),
(702,	1098,	20166,	'2025-04-01 23:38:00',	95,	'NK839057O3416463495',	0,	0,	0,	0,	0,	0,	0,	0,	0,	0,	0,	0,	0,	0,	0,	0,	0,	0,	0,	NULL,	NULL),
(681,	1098,	18847,	'2025-04-01 23:37:00',	91,	'NM700517O3415903591',	0,	0,	0,	0,	0,	0,	0,	0,	0,	0,	0,	0,	0,	0,	0,	0,	0,	0,	0,	NULL,	NULL),
(682,	1098,	18847,	'2025-04-01 23:37:00',	92,	'NM700527O3415903592',	0,	0,	0,	0,	0,	0,	0,	0,	0,	0,	0,	0,	0,	0,	0,	0,	0,	0,	0,	NULL,	NULL),
(683,	1098,	18847,	'2025-04-01 23:37:00',	93,	'NM700537O3415903593',	0,	0,	0,	0,	0,	0,	0,	0,	0,	0,	0,	0,	0,	0,	0,	0,	0,	0,	0,	NULL,	NULL),
(684,	1098,	19288,	'2025-04-01 23:37:00',	91,	'N0G17817O3416211191',	0,	0,	0,	0,	0,	0,	0,	0,	0,	0,	0,	0,	0,	0,	0,	0,	0,	0,	0,	NULL,	NULL),
(685,	1098,	19288,	'2025-04-01 23:37:00',	92,	'N0G17827O3416211192',	0,	0,	0,	0,	0,	0,	0,	0,	0,	0,	0,	0,	0,	0,	0,	0,	0,	0,	0,	NULL,	NULL),
(686,	1098,	19288,	'2025-04-01 23:37:00',	93,	'N0G17837O3416211193',	0,	0,	0,	0,	0,	0,	0,	0,	0,	0,	0,	0,	0,	0,	0,	0,	0,	0,	0,	NULL,	NULL),
(687,	1098,	19288,	'2025-04-01 23:37:00',	94,	'N0G17847O3416211194',	0,	0,	0,	0,	0,	0,	0,	0,	0,	0,	0,	0,	0,	0,	0,	0,	0,	0,	0,	NULL,	NULL),
(688,	1098,	20166,	'2025-04-01 23:37:00',	91,	'NK839017O3416463491',	0,	0,	0,	0,	0,	0,	0,	0,	0,	0,	0,	0,	0,	0,	0,	0,	0,	0,	0,	NULL,	NULL),
(689,	1098,	20166,	'2025-04-01 23:37:00',	92,	'NK839027O3416463492',	0,	0,	0,	0,	0,	0,	0,	0,	0,	0,	0,	0,	0,	0,	0,	0,	0,	0,	0,	NULL,	NULL),
(690,	1098,	20166,	'2025-04-01 23:37:00',	94,	'NK839047O3416463494',	0,	0,	0,	0,	0,	0,	0,	0,	0,	0,	0,	0,	0,	0,	0,	0,	0,	0,	0,	NULL,	NULL),
(691,	1098,	20166,	'2025-04-01 23:37:00',	95,	'NK839057O3416463495',	0,	0,	0,	0,	0,	0,	0,	0,	0,	0,	0,	0,	0,	0,	0,	0,	0,	0,	0,	NULL,	NULL),
(670,	1098,	18847,	'2025-04-01 23:36:00',	91,	'NM700517O3415903591',	0,	0,	0,	0,	0,	0,	0,	0,	0,	0,	0,	0,	0,	0,	0,	0,	0,	0,	0,	NULL,	NULL),
(671,	1098,	18847,	'2025-04-01 23:36:00',	92,	'NM700527O3415903592',	0,	0,	0,	0,	0,	0,	0,	0,	0,	0,	0,	0,	0,	0,	0,	0,	0,	0,	0,	NULL,	NULL),
(672,	1098,	18847,	'2025-04-01 23:36:00',	93,	'NM700537O3415903593',	0,	0,	0,	0,	0,	0,	0,	0,	0,	0,	0,	0,	0,	0,	0,	0,	0,	0,	0,	NULL,	NULL),
(673,	1098,	19288,	'2025-04-01 23:36:00',	91,	'N0G17817O3416211191',	0,	0,	0,	0,	0,	0,	0,	0,	0,	0,	0,	0,	0,	0,	0,	0,	0,	0,	0,	NULL,	NULL),
(674,	1098,	19288,	'2025-04-01 23:36:00',	92,	'N0G17827O3416211192',	0,	0,	0,	0,	0,	0,	0,	0,	0,	0,	0,	0,	0,	0,	0,	0,	0,	0,	0,	NULL,	NULL),
(675,	1098,	19288,	'2025-04-01 23:36:00',	93,	'N0G17837O3416211193',	0,	0,	0,	0,	0,	0,	0,	0,	0,	0,	0,	0,	0,	0,	0,	0,	0,	0,	0,	NULL,	NULL),
(676,	1098,	19288,	'2025-04-01 23:36:00',	94,	'N0G17847O3416211194',	0,	0,	0,	0,	0,	0,	0,	0,	0,	0,	0,	0,	0,	0,	0,	0,	0,	0,	0,	NULL,	NULL),
(677,	1098,	20166,	'2025-04-01 23:36:00',	91,	'NK839017O3416463491',	0,	0,	0,	0,	0,	0,	0,	0,	0,	0,	0,	0,	0,	0,	0,	0,	0,	0,	0,	NULL,	NULL),
(678,	1098,	20166,	'2025-04-01 23:36:00',	92,	'NK839027O3416463492',	0,	0,	0,	0,	0,	0,	0,	0,	0,	0,	0,	0,	0,	0,	0,	0,	0,	0,	0,	NULL,	NULL),
(679,	1098,	20166,	'2025-04-01 23:36:00',	94,	'NK839047O3416463494',	0,	0,	0,	0,	0,	0,	0,	0,	0,	0,	0,	0,	0,	0,	0,	0,	0,	0,	0,	NULL,	NULL),
(680,	1098,	20166,	'2025-04-01 23:36:00',	95,	'NK839057O3416463495',	0,	0,	0,	0,	0,	0,	0,	0,	0,	0,	0,	0,	0,	0,	0,	0,	0,	0,	0,	NULL,	NULL),
(381,	1093,	18847,	'2025-04-01 22:54:00',	91,	'NM700517O3415903591',	0,	0,	0,	0,	0,	0,	0,	0,	0,	0,	0,	0,	0,	0,	0,	0,	0,	0,	0,	NULL,	NULL),
(382,	1093,	18847,	'2025-04-01 22:54:00',	92,	'NM700527O3415903592',	0,	0,	0,	0,	0,	0,	0,	0,	0,	0,	0,	0,	0,	0,	0,	0,	0,	0,	0,	NULL,	NULL),
(383,	1093,	18847,	'2025-04-01 22:54:00',	93,	'NM700537O3415903593',	0,	0,	0,	0,	0,	0,	0,	0,	0,	0,	0,	0,	0,	0,	0,	0,	0,	0,	0,	NULL,	NULL),
(384,	1093,	19288,	'2025-04-01 22:54:00',	91,	'N0G17817O3416211191',	0,	0,	0,	0,	0,	0,	0,	0,	0,	0,	0,	0,	0,	0,	0,	0,	0,	0,	0,	NULL,	NULL),
(385,	1093,	19288,	'2025-04-01 22:54:00',	92,	'N0G17827O3416211192',	0,	0,	0,	0,	0,	0,	0,	0,	0,	0,	0,	0,	0,	0,	0,	0,	0,	0,	0,	NULL,	NULL),
(386,	1093,	19288,	'2025-04-01 22:54:00',	93,	'N0G17837O3416211193',	0,	0,	0,	0,	0,	0,	0,	0,	0,	0,	0,	0,	0,	0,	0,	0,	0,	0,	0,	NULL,	NULL),
(387,	1093,	19288,	'2025-04-01 22:54:00',	94,	'N0G17847O3416211194',	0,	0,	0,	0,	0,	0,	0,	0,	0,	0,	0,	0,	0,	0,	0,	0,	0,	0,	0,	NULL,	NULL),
(388,	1093,	20166,	'2025-04-01 22:54:00',	91,	'NK839017O3416463491',	0,	0,	0,	0,	0,	0,	0,	0,	0,	0,	0,	0,	0,	0,	0,	0,	0,	0,	0,	NULL,	NULL),
(389,	1093,	20166,	'2025-04-01 22:54:00',	92,	'NK839027O3416463492',	0,	0,	0,	0,	0,	0,	0,	0,	0,	0,	0,	0,	0,	0,	0,	0,	0,	0,	0,	NULL,	NULL),
(390,	1093,	20166,	'2025-04-01 22:54:00',	94,	'NK839047O3416463494',	0,	0,	0,	0,	0,	0,	0,	0,	0,	0,	0,	0,	0,	0,	0,	0,	0,	0,	0,	NULL,	NULL),
(391,	1093,	20166,	'2025-04-01 22:54:00',	95,	'NK839057O3416463495',	0,	0,	0,	0,	0,	0,	0,	0,	0,	0,	0,	0,	0,	0,	0,	0,	0,	0,	0,	NULL,	NULL),
(392,	1093,	49923,	'2025-04-01 22:54:00',	91,	'N000F217O3416209191',	0,	0,	0,	0,	0,	0,	0,	0,	0,	0,	0,	0,	0,	0,	0,	0,	0,	0,	0,	NULL,	NULL),
(393,	1093,	49923,	'2025-04-01 22:54:00',	92,	'N000F227O3416209192',	0,	0,	0,	0,	0,	0,	0,	0,	0,	0,	0,	0,	0,	0,	0,	0,	0,	0,	0,	NULL,	NULL),
(394,	1093,	49923,	'2025-04-01 22:54:00',	93,	'N000F237O3416209193',	0,	0,	0,	0,	0,	0,	0,	0,	0,	0,	0,	0,	0,	0,	0,	0,	0,	0,	0,	NULL,	NULL),
(395,	1093,	49923,	'2025-04-01 22:54:00',	94,	'N000F247O3416209194',	0,	0,	0,	0,	0,	0,	0,	0,	0,	0,	0,	0,	0,	0,	0,	0,	0,	0,	0,	NULL,	NULL),
(396,	1093,	61236,	'2025-04-01 22:54:00',	91,	'NK837217O3416288591',	0,	0,	0,	0,	0,	0,	0,	0,	0,	0,	0,	0,	0,	0,	0,	0,	0,	0,	0,	NULL,	NULL),
(397,	1093,	61236,	'2025-04-01 22:54:00',	92,	'NK837227O3416288592',	0,	0,	0,	0,	0,	0,	0,	0,	0,	0,	0,	0,	0,	0,	0,	0,	0,	0,	0,	NULL,	NULL),
(398,	1093,	61236,	'2025-04-01 22:54:00',	94,	'NK837247O3416288594',	0,	0,	0,	0,	0,	0,	0,	0,	0,	0,	0,	0,	0,	0,	0,	0,	0,	0,	0,	NULL,	NULL),
(399,	1093,	61236,	'2025-04-01 22:54:00',	95,	'NK837257O3416288595',	0,	0,	0,	0,	0,	0,	0,	0,	0,	0,	0,	0,	0,	0,	0,	0,	0,	0,	0,	NULL,	NULL),
(362,	1093,	18847,	'2025-04-01 22:53:00',	91,	'NM700517O3415903591',	0,	0,	0,	0,	0,	0,	0,	0,	0,	0,	0,	0,	0,	0,	0,	0,	0,	0,	0,	NULL,	NULL),
(363,	1093,	18847,	'2025-04-01 22:53:00',	92,	'NM700527O3415903592',	0,	0,	0,	0,	0,	0,	0,	0,	0,	0,	0,	0,	0,	0,	0,	0,	0,	0,	0,	NULL,	NULL),
(364,	1093,	18847,	'2025-04-01 22:53:00',	93,	'NM700537O3415903593',	0,	0,	0,	0,	0,	0,	0,	0,	0,	0,	0,	0,	0,	0,	0,	0,	0,	0,	0,	NULL,	NULL),
(365,	1093,	19288,	'2025-04-01 22:53:00',	91,	'N0G17817O3416211191',	0,	0,	0,	0,	0,	0,	0,	0,	0,	0,	0,	0,	0,	0,	0,	0,	0,	0,	0,	NULL,	NULL),
(366,	1093,	19288,	'2025-04-01 22:53:00',	92,	'N0G17827O3416211192',	0,	0,	0,	0,	0,	0,	0,	0,	0,	0,	0,	0,	0,	0,	0,	0,	0,	0,	0,	NULL,	NULL),
(367,	1093,	19288,	'2025-04-01 22:53:00',	93,	'N0G17837O3416211193',	0,	0,	0,	0,	0,	0,	0,	0,	0,	0,	0,	0,	0,	0,	0,	0,	0,	0,	0,	NULL,	NULL),
(368,	1093,	19288,	'2025-04-01 22:53:00',	94,	'N0G17847O3416211194',	0,	0,	0,	0,	0,	0,	0,	0,	0,	0,	0,	0,	0,	0,	0,	0,	0,	0,	0,	NULL,	NULL),
(369,	1093,	20166,	'2025-04-01 22:53:00',	91,	'NK839017O3416463491',	0,	0,	0,	0,	0,	0,	0,	0,	0,	0,	0,	0,	0,	0,	0,	0,	0,	0,	0,	NULL,	NULL),
(370,	1093,	20166,	'2025-04-01 22:53:00',	92,	'NK839027O3416463492',	0,	0,	0,	0,	0,	0,	0,	0,	0,	0,	0,	0,	0,	0,	0,	0,	0,	0,	0,	NULL,	NULL),
(371,	1093,	20166,	'2025-04-01 22:53:00',	94,	'NK839047O3416463494',	0,	0,	0,	0,	0,	0,	0,	0,	0,	0,	0,	0,	0,	0,	0,	0,	0,	0,	0,	NULL,	NULL),
(372,	1093,	20166,	'2025-04-01 22:53:00',	95,	'NK839057O3416463495',	0,	0,	0,	0,	0,	0,	0,	0,	0,	0,	0,	0,	0,	0,	0,	0,	0,	0,	0,	NULL,	NULL),
(373,	1093,	49923,	'2025-04-01 22:53:00',	91,	'N000F217O3416209191',	0,	0,	0,	0,	0,	0,	0,	0,	0,	0,	0,	0,	0,	0,	0,	0,	0,	0,	0,	NULL,	NULL),
(374,	1093,	49923,	'2025-04-01 22:53:00',	92,	'N000F227O3416209192',	0,	0,	0,	0,	0,	0,	0,	0,	0,	0,	0,	0,	0,	0,	0,	0,	0,	0,	0,	NULL,	NULL),
(375,	1093,	49923,	'2025-04-01 22:53:00',	93,	'N000F237O3416209193',	0,	0,	0,	0,	0,	0,	0,	0,	0,	0,	0,	0,	0,	0,	0,	0,	0,	0,	0,	NULL,	NULL),
(376,	1093,	49923,	'2025-04-01 22:53:00',	94,	'N000F247O3416209194',	0,	0,	0,	0,	0,	0,	0,	0,	0,	0,	0,	0,	0,	0,	0,	0,	0,	0,	0,	NULL,	NULL),
(377,	1093,	61236,	'2025-04-01 22:53:00',	91,	'NK837217O3416288591',	0,	0,	0,	0,	0,	0,	0,	0,	0,	0,	0,	0,	0,	0,	0,	0,	0,	0,	0,	NULL,	NULL),
(378,	1093,	61236,	'2025-04-01 22:53:00',	92,	'NK837227O3416288592',	0,	0,	0,	0,	0,	0,	0,	0,	0,	0,	0,	0,	0,	0,	0,	0,	0,	0,	0,	NULL,	NULL),
(379,	1093,	61236,	'2025-04-01 22:53:00',	94,	'NK837247O3416288594',	0,	0,	0,	0,	0,	0,	0,	0,	0,	0,	0,	0,	0,	0,	0,	0,	0,	0,	0,	NULL,	NULL),
(380,	1093,	61236,	'2025-04-01 22:53:00',	95,	'NK837257O3416288595',	0,	0,	0,	0,	0,	0,	0,	0,	0,	0,	0,	0,	0,	0,	0,	0,	0,	0,	0,	NULL,	NULL),
(343,	1093,	18847,	'2025-04-01 22:52:00',	91,	'NM700517O3415903591',	0,	0,	0,	1,	1,	0,	0,	1,	0,	0,	1,	0,	0,	0,	0,	0,	0,	0,	0,	NULL,	NULL),
(344,	1093,	18847,	'2025-04-01 22:52:00',	92,	'NM700527O3415903592',	0,	0,	0,	0,	0,	0,	0,	0,	0,	0,	0,	0,	0,	0,	0,	0,	0,	0,	0,	NULL,	NULL),
(345,	1093,	18847,	'2025-04-01 22:52:00',	93,	'NM700537O3415903593',	0,	0,	0,	0,	0,	0,	0,	0,	0,	0,	0,	0,	0,	0,	0,	0,	0,	0,	0,	NULL,	NULL),
(346,	1093,	19288,	'2025-04-01 22:52:00',	91,	'N0G17817O3416211191',	0,	0,	0,	0,	0,	0,	0,	0,	0,	0,	0,	0,	0,	0,	0,	0,	0,	0,	0,	NULL,	NULL),
(347,	1093,	19288,	'2025-04-01 22:52:00',	92,	'N0G17827O3416211192',	0,	0,	0,	0,	0,	0,	0,	0,	0,	0,	0,	0,	0,	0,	0,	0,	0,	0,	0,	NULL,	NULL),
(348,	1093,	19288,	'2025-04-01 22:52:00',	93,	'N0G17837O3416211193',	0,	0,	0,	0,	0,	0,	0,	0,	0,	0,	0,	0,	0,	0,	0,	0,	0,	0,	0,	NULL,	NULL),
(349,	1093,	19288,	'2025-04-01 22:52:00',	94,	'N0G17847O3416211194',	0,	0,	0,	0,	0,	0,	0,	0,	0,	0,	0,	0,	0,	0,	0,	0,	0,	0,	0,	NULL,	NULL),
(350,	1093,	20166,	'2025-04-01 22:52:00',	91,	'NK839017O3416463491',	0,	0,	0,	0,	0,	0,	0,	0,	0,	0,	0,	0,	0,	0,	0,	0,	0,	0,	0,	NULL,	NULL),
(351,	1093,	20166,	'2025-04-01 22:52:00',	92,	'NK839027O3416463492',	0,	0,	0,	0,	0,	0,	0,	0,	0,	0,	0,	0,	0,	0,	0,	0,	0,	0,	0,	NULL,	NULL),
(352,	1093,	20166,	'2025-04-01 22:52:00',	94,	'NK839047O3416463494',	0,	0,	0,	0,	0,	0,	0,	0,	0,	0,	0,	0,	0,	0,	0,	0,	0,	0,	0,	NULL,	NULL),
(353,	1093,	20166,	'2025-04-01 22:52:00',	95,	'NK839057O3416463495',	0,	0,	0,	0,	0,	0,	0,	0,	0,	0,	0,	0,	0,	0,	0,	0,	0,	0,	0,	NULL,	NULL),
(354,	1093,	49923,	'2025-04-01 22:52:00',	91,	'N000F217O3416209191',	0,	0,	0,	0,	0,	0,	0,	0,	0,	0,	0,	0,	0,	0,	0,	0,	0,	0,	0,	NULL,	NULL),
(355,	1093,	49923,	'2025-04-01 22:52:00',	92,	'N000F227O3416209192',	0,	0,	0,	0,	0,	0,	0,	0,	0,	0,	0,	0,	0,	0,	0,	0,	0,	0,	0,	NULL,	NULL),
(356,	1093,	49923,	'2025-04-01 22:52:00',	93,	'N000F237O3416209193',	0,	0,	0,	0,	0,	0,	0,	0,	0,	0,	0,	0,	0,	0,	0,	0,	0,	0,	0,	NULL,	NULL),
(357,	1093,	49923,	'2025-04-01 22:52:00',	94,	'N000F247O3416209194',	0,	0,	0,	0,	0,	0,	0,	0,	0,	0,	0,	0,	0,	0,	0,	0,	0,	0,	0,	NULL,	NULL),
(358,	1093,	61236,	'2025-04-01 22:52:00',	91,	'NK837217O3416288591',	0,	0,	0,	0,	0,	0,	0,	0,	0,	0,	0,	0,	0,	0,	0,	0,	0,	0,	0,	NULL,	NULL),
(359,	1093,	61236,	'2025-04-01 22:52:00',	92,	'NK837227O3416288592',	0,	0,	0,	0,	0,	0,	0,	0,	0,	0,	0,	0,	0,	0,	0,	0,	0,	0,	0,	NULL,	NULL),
(360,	1093,	61236,	'2025-04-01 22:52:00',	94,	'NK837247O3416288594',	0,	0,	0,	0,	0,	0,	0,	0,	0,	0,	0,	0,	0,	0,	0,	0,	0,	0,	0,	NULL,	NULL),
(361,	1093,	61236,	'2025-04-01 22:52:00',	95,	'NK837257O3416288595',	0,	0,	0,	0,	0,	0,	0,	0,	0,	0,	0,	0,	0,	0,	0,	0,	0,	0,	0,	NULL,	NULL),
(324,	1093,	18847,	'2025-04-01 22:51:00',	91,	'NM700517O3415903591',	0,	0,	0,	0,	0,	0,	0,	0,	0,	0,	0,	0,	0,	0,	0,	0,	0,	0,	0,	NULL,	NULL),
(325,	1093,	18847,	'2025-04-01 22:51:00',	92,	'NM700527O3415903592',	0,	0,	0,	0,	0,	0,	0,	0,	0,	0,	0,	0,	0,	0,	0,	0,	0,	0,	0,	NULL,	NULL),
(326,	1093,	18847,	'2025-04-01 22:51:00',	93,	'NM700537O3415903593',	0,	0,	0,	0,	0,	0,	0,	0,	0,	0,	0,	0,	0,	0,	0,	0,	0,	0,	0,	NULL,	NULL),
(327,	1093,	19288,	'2025-04-01 22:51:00',	91,	'N0G17817O3416211191',	0,	0,	0,	0,	0,	0,	0,	0,	0,	0,	0,	0,	0,	0,	0,	0,	0,	0,	0,	NULL,	NULL),
(328,	1093,	19288,	'2025-04-01 22:51:00',	92,	'N0G17827O3416211192',	0,	0,	0,	0,	0,	0,	0,	0,	0,	0,	0,	0,	0,	0,	0,	0,	0,	0,	0,	NULL,	NULL),
(329,	1093,	19288,	'2025-04-01 22:51:00',	93,	'N0G17837O3416211193',	0,	0,	0,	0,	0,	0,	0,	0,	0,	0,	0,	0,	0,	0,	0,	0,	0,	0,	0,	NULL,	NULL),
(330,	1093,	19288,	'2025-04-01 22:51:00',	94,	'N0G17847O3416211194',	0,	0,	0,	0,	0,	0,	0,	0,	0,	0,	0,	0,	0,	0,	0,	0,	0,	0,	0,	NULL,	NULL),
(331,	1093,	20166,	'2025-04-01 22:51:00',	91,	'NK839017O3416463491',	0,	0,	0,	0,	0,	0,	0,	0,	0,	0,	0,	0,	0,	0,	0,	0,	0,	0,	0,	NULL,	NULL),
(332,	1093,	20166,	'2025-04-01 22:51:00',	92,	'NK839027O3416463492',	0,	0,	0,	0,	0,	0,	0,	0,	0,	0,	0,	0,	0,	0,	0,	0,	0,	0,	0,	NULL,	NULL),
(333,	1093,	20166,	'2025-04-01 22:51:00',	94,	'NK839047O3416463494',	0,	0,	0,	0,	0,	0,	0,	0,	0,	0,	0,	0,	0,	0,	0,	0,	0,	0,	0,	NULL,	NULL),
(334,	1093,	20166,	'2025-04-01 22:51:00',	95,	'NK839057O3416463495',	0,	0,	0,	0,	0,	0,	0,	0,	0,	0,	0,	0,	0,	0,	0,	0,	0,	0,	0,	NULL,	NULL),
(335,	1093,	49923,	'2025-04-01 22:51:00',	91,	'N000F217O3416209191',	0,	0,	0,	0,	0,	0,	0,	0,	0,	0,	0,	0,	0,	0,	0,	0,	0,	0,	0,	NULL,	NULL),
(336,	1093,	49923,	'2025-04-01 22:51:00',	92,	'N000F227O3416209192',	0,	0,	0,	0,	0,	0,	0,	0,	0,	0,	0,	0,	0,	0,	0,	0,	0,	0,	0,	NULL,	NULL),
(337,	1093,	49923,	'2025-04-01 22:51:00',	93,	'N000F237O3416209193',	0,	0,	0,	0,	0,	0,	0,	0,	0,	0,	0,	0,	0,	0,	0,	0,	0,	0,	0,	NULL,	NULL),
(338,	1093,	49923,	'2025-04-01 22:51:00',	94,	'N000F247O3416209194',	0,	0,	0,	0,	0,	0,	0,	0,	0,	0,	0,	0,	0,	0,	0,	0,	0,	0,	0,	NULL,	NULL),
(339,	1093,	61236,	'2025-04-01 22:51:00',	91,	'NK837217O3416288591',	0,	0,	0,	0,	0,	0,	0,	0,	0,	0,	0,	0,	0,	0,	0,	0,	0,	0,	0,	NULL,	NULL),
(340,	1093,	61236,	'2025-04-01 22:51:00',	92,	'NK837227O3416288592',	0,	0,	0,	0,	0,	0,	0,	0,	0,	0,	0,	0,	0,	0,	0,	0,	0,	0,	0,	NULL,	NULL),
(341,	1093,	61236,	'2025-04-01 22:51:00',	94,	'NK837247O3416288594',	0,	0,	0,	0,	0,	0,	0,	0,	0,	0,	0,	0,	0,	0,	0,	0,	0,	0,	0,	NULL,	NULL),
(342,	1093,	61236,	'2025-04-01 22:51:00',	95,	'NK837257O3416288595',	0,	0,	0,	0,	0,	0,	0,	0,	0,	0,	0,	0,	0,	0,	0,	0,	0,	0,	0,	NULL,	NULL),
(305,	1093,	18847,	'2025-04-01 22:50:00',	91,	'NM700517O3415903591',	0,	0,	0,	0,	0,	0,	0,	0,	0,	0,	0,	0,	0,	0,	0,	0,	0,	0,	0,	NULL,	NULL),
(306,	1093,	18847,	'2025-04-01 22:50:00',	92,	'NM700527O3415903592',	0,	0,	0,	0,	0,	0,	0,	0,	0,	0,	0,	0,	0,	0,	0,	0,	0,	0,	0,	NULL,	NULL),
(307,	1093,	18847,	'2025-04-01 22:50:00',	93,	'NM700537O3415903593',	0,	0,	0,	0,	0,	0,	0,	0,	0,	0,	0,	0,	0,	0,	0,	0,	0,	0,	0,	NULL,	NULL),
(308,	1093,	19288,	'2025-04-01 22:50:00',	91,	'N0G17817O3416211191',	0,	0,	0,	0,	0,	0,	0,	0,	0,	0,	0,	0,	0,	0,	0,	0,	0,	0,	0,	NULL,	NULL),
(309,	1093,	19288,	'2025-04-01 22:50:00',	92,	'N0G17827O3416211192',	0,	0,	0,	0,	0,	0,	0,	0,	0,	0,	0,	0,	0,	0,	0,	0,	0,	0,	0,	NULL,	NULL),
(310,	1093,	19288,	'2025-04-01 22:50:00',	93,	'N0G17837O3416211193',	0,	0,	0,	0,	0,	0,	0,	0,	0,	0,	0,	0,	0,	0,	0,	0,	0,	0,	0,	NULL,	NULL),
(311,	1093,	19288,	'2025-04-01 22:50:00',	94,	'N0G17847O3416211194',	0,	0,	0,	0,	0,	0,	0,	0,	0,	0,	0,	0,	0,	0,	0,	0,	0,	0,	0,	NULL,	NULL),
(312,	1093,	20166,	'2025-04-01 22:50:00',	91,	'NK839017O3416463491',	0,	0,	0,	0,	0,	0,	0,	0,	0,	0,	0,	0,	0,	0,	0,	0,	0,	0,	0,	NULL,	NULL),
(313,	1093,	20166,	'2025-04-01 22:50:00',	92,	'NK839027O3416463492',	0,	0,	0,	0,	0,	0,	0,	0,	0,	0,	0,	0,	0,	0,	0,	0,	0,	0,	0,	NULL,	NULL),
(314,	1093,	20166,	'2025-04-01 22:50:00',	94,	'NK839047O3416463494',	0,	0,	0,	0,	0,	0,	0,	0,	0,	0,	0,	0,	0,	0,	0,	0,	0,	0,	0,	NULL,	NULL),
(315,	1093,	20166,	'2025-04-01 22:50:00',	95,	'NK839057O3416463495',	0,	0,	0,	0,	0,	0,	0,	0,	0,	0,	0,	0,	0,	0,	0,	0,	0,	0,	0,	NULL,	NULL),
(316,	1093,	49923,	'2025-04-01 22:50:00',	91,	'N000F217O3416209191',	0,	0,	0,	0,	0,	0,	0,	0,	0,	0,	0,	0,	0,	0,	0,	0,	0,	0,	0,	NULL,	NULL),
(317,	1093,	49923,	'2025-04-01 22:50:00',	92,	'N000F227O3416209192',	0,	0,	0,	0,	0,	0,	0,	0,	0,	0,	0,	0,	0,	0,	0,	0,	0,	0,	0,	NULL,	NULL),
(318,	1093,	49923,	'2025-04-01 22:50:00',	93,	'N000F237O3416209193',	0,	0,	0,	0,	0,	0,	0,	0,	0,	0,	0,	0,	0,	0,	0,	0,	0,	0,	0,	NULL,	NULL),
(319,	1093,	49923,	'2025-04-01 22:50:00',	94,	'N000F247O3416209194',	0,	0,	0,	0,	0,	0,	0,	0,	0,	0,	0,	0,	0,	0,	0,	0,	0,	0,	0,	NULL,	NULL),
(320,	1093,	61236,	'2025-04-01 22:50:00',	91,	'NK837217O3416288591',	0,	0,	0,	0,	0,	0,	0,	0,	0,	0,	0,	0,	0,	0,	0,	0,	0,	0,	0,	NULL,	NULL),
(321,	1093,	61236,	'2025-04-01 22:50:00',	92,	'NK837227O3416288592',	0,	0,	0,	0,	0,	0,	0,	0,	0,	0,	0,	0,	0,	0,	0,	0,	0,	0,	0,	NULL,	NULL),
(322,	1093,	61236,	'2025-04-01 22:50:00',	94,	'NK837247O3416288594',	0,	0,	0,	0,	0,	0,	0,	0,	0,	0,	0,	0,	0,	0,	0,	0,	0,	0,	0,	NULL,	NULL),
(323,	1093,	61236,	'2025-04-01 22:50:00',	95,	'NK837257O3416288595',	0,	0,	0,	0,	0,	0,	0,	0,	0,	0,	0,	0,	0,	0,	0,	0,	0,	0,	0,	NULL,	NULL),
(286,	1093,	18847,	'2025-04-01 22:49:00',	91,	'NM700517O3415903591',	0,	0,	0,	0,	0,	0,	0,	0,	0,	0,	0,	0,	0,	0,	0,	0,	0,	0,	0,	NULL,	NULL),
(287,	1093,	18847,	'2025-04-01 22:49:00',	92,	'NM700527O3415903592',	0,	0,	0,	0,	0,	0,	0,	0,	0,	0,	0,	0,	0,	0,	0,	0,	0,	0,	0,	NULL,	NULL),
(288,	1093,	18847,	'2025-04-01 22:49:00',	93,	'NM700537O3415903593',	0,	0,	0,	0,	0,	0,	0,	0,	0,	0,	0,	0,	0,	0,	0,	0,	0,	0,	0,	NULL,	NULL),
(289,	1093,	19288,	'2025-04-01 22:49:00',	91,	'N0G17817O3416211191',	0,	0,	0,	0,	0,	0,	0,	0,	0,	0,	0,	0,	0,	0,	0,	0,	0,	0,	0,	NULL,	NULL),
(290,	1093,	19288,	'2025-04-01 22:49:00',	92,	'N0G17827O3416211192',	0,	0,	0,	0,	0,	0,	0,	0,	0,	0,	0,	0,	0,	0,	0,	0,	0,	0,	0,	NULL,	NULL),
(291,	1093,	19288,	'2025-04-01 22:49:00',	93,	'N0G17837O3416211193',	0,	0,	0,	0,	0,	0,	0,	0,	0,	0,	0,	0,	0,	0,	0,	0,	0,	0,	0,	NULL,	NULL),
(292,	1093,	19288,	'2025-04-01 22:49:00',	94,	'N0G17847O3416211194',	0,	0,	0,	0,	0,	0,	0,	0,	0,	0,	0,	0,	0,	0,	0,	0,	0,	0,	0,	NULL,	NULL),
(293,	1093,	20166,	'2025-04-01 22:49:00',	91,	'NK839017O3416463491',	0,	0,	0,	0,	0,	0,	0,	0,	0,	0,	0,	0,	0,	0,	0,	0,	0,	0,	0,	NULL,	NULL),
(294,	1093,	20166,	'2025-04-01 22:49:00',	92,	'NK839027O3416463492',	0,	0,	0,	0,	0,	0,	0,	0,	0,	0,	0,	0,	0,	0,	0,	0,	0,	0,	0,	NULL,	NULL),
(295,	1093,	20166,	'2025-04-01 22:49:00',	94,	'NK839047O3416463494',	0,	0,	0,	0,	0,	0,	0,	0,	0,	0,	0,	0,	0,	0,	0,	0,	0,	0,	0,	NULL,	NULL),
(296,	1093,	20166,	'2025-04-01 22:49:00',	95,	'NK839057O3416463495',	0,	0,	0,	0,	0,	0,	0,	0,	0,	0,	0,	0,	0,	0,	0,	0,	0,	0,	0,	NULL,	NULL),
(297,	1093,	49923,	'2025-04-01 22:49:00',	91,	'N000F217O3416209191',	0,	0,	0,	0,	0,	0,	0,	0,	0,	0,	0,	0,	0,	0,	0,	0,	0,	0,	0,	NULL,	NULL),
(298,	1093,	49923,	'2025-04-01 22:49:00',	92,	'N000F227O3416209192',	0,	0,	0,	0,	0,	0,	0,	0,	0,	0,	0,	0,	0,	0,	0,	0,	0,	0,	0,	NULL,	NULL),
(299,	1093,	49923,	'2025-04-01 22:49:00',	93,	'N000F237O3416209193',	0,	0,	0,	0,	0,	0,	0,	0,	0,	0,	0,	0,	0,	0,	0,	0,	0,	0,	0,	NULL,	NULL),
(300,	1093,	49923,	'2025-04-01 22:49:00',	94,	'N000F247O3416209194',	0,	0,	0,	0,	0,	0,	0,	0,	0,	0,	0,	0,	0,	0,	0,	0,	0,	0,	0,	NULL,	NULL),
(301,	1093,	61236,	'2025-04-01 22:49:00',	91,	'NK837217O3416288591',	0,	0,	0,	0,	0,	0,	0,	0,	0,	0,	0,	0,	0,	0,	0,	0,	0,	0,	0,	NULL,	NULL),
(302,	1093,	61236,	'2025-04-01 22:49:00',	92,	'NK837227O3416288592',	0,	0,	0,	0,	0,	0,	0,	0,	0,	0,	0,	0,	0,	0,	0,	0,	0,	0,	0,	NULL,	NULL),
(303,	1093,	61236,	'2025-04-01 22:49:00',	94,	'NK837247O3416288594',	0,	0,	0,	0,	0,	0,	0,	0,	0,	0,	0,	0,	0,	0,	0,	0,	0,	0,	0,	NULL,	NULL),
(304,	1093,	61236,	'2025-04-01 22:49:00',	95,	'NK837257O3416288595',	0,	0,	0,	0,	0,	0,	0,	0,	0,	0,	0,	0,	0,	0,	0,	0,	0,	0,	0,	NULL,	NULL),
(267,	1093,	18847,	'2025-04-01 22:48:00',	91,	'NM700517O3415903591',	0,	0,	0,	0,	0,	0,	0,	0,	0,	0,	0,	0,	0,	0,	0,	0,	0,	0,	0,	NULL,	NULL),
(268,	1093,	18847,	'2025-04-01 22:48:00',	92,	'NM700527O3415903592',	0,	0,	0,	0,	0,	0,	0,	0,	0,	0,	0,	0,	0,	0,	0,	0,	0,	0,	0,	NULL,	NULL),
(269,	1093,	18847,	'2025-04-01 22:48:00',	93,	'NM700537O3415903593',	0,	0,	0,	0,	0,	0,	0,	0,	0,	0,	0,	0,	0,	0,	0,	0,	0,	0,	0,	NULL,	NULL),
(270,	1093,	19288,	'2025-04-01 22:48:00',	91,	'N0G17817O3416211191',	0,	0,	0,	0,	0,	0,	0,	0,	0,	0,	0,	0,	0,	0,	0,	0,	0,	0,	0,	NULL,	NULL),
(271,	1093,	19288,	'2025-04-01 22:48:00',	92,	'N0G17827O3416211192',	0,	0,	0,	0,	0,	0,	0,	0,	0,	0,	0,	0,	0,	0,	0,	0,	0,	0,	0,	NULL,	NULL),
(272,	1093,	19288,	'2025-04-01 22:48:00',	93,	'N0G17837O3416211193',	0,	0,	0,	0,	0,	0,	0,	0,	0,	0,	0,	0,	0,	0,	0,	0,	0,	0,	0,	NULL,	NULL),
(273,	1093,	19288,	'2025-04-01 22:48:00',	94,	'N0G17847O3416211194',	0,	0,	0,	0,	0,	0,	0,	0,	0,	0,	0,	0,	0,	0,	0,	0,	0,	0,	0,	NULL,	NULL),
(274,	1093,	20166,	'2025-04-01 22:48:00',	91,	'NK839017O3416463491',	0,	0,	0,	0,	0,	0,	0,	0,	0,	0,	0,	0,	0,	0,	0,	0,	0,	0,	0,	NULL,	NULL),
(275,	1093,	20166,	'2025-04-01 22:48:00',	92,	'NK839027O3416463492',	0,	0,	0,	0,	0,	0,	0,	0,	0,	0,	0,	0,	0,	0,	0,	0,	0,	0,	0,	NULL,	NULL),
(276,	1093,	20166,	'2025-04-01 22:48:00',	94,	'NK839047O3416463494',	0,	0,	0,	0,	0,	0,	0,	0,	0,	0,	0,	0,	0,	0,	0,	0,	0,	0,	0,	NULL,	NULL),
(277,	1093,	20166,	'2025-04-01 22:48:00',	95,	'NK839057O3416463495',	0,	0,	0,	0,	0,	0,	0,	0,	0,	0,	0,	0,	0,	0,	0,	0,	0,	0,	0,	NULL,	NULL),
(278,	1093,	49923,	'2025-04-01 22:48:00',	91,	'N000F217O3416209191',	0,	0,	0,	1,	1,	0,	0,	1,	0,	0,	1,	0,	0,	0,	0,	0,	0,	0,	0,	NULL,	NULL),
(279,	1093,	49923,	'2025-04-01 22:48:00',	92,	'N000F227O3416209192',	0,	0,	0,	0,	0,	0,	0,	0,	0,	0,	0,	0,	0,	0,	0,	0,	0,	0,	0,	NULL,	NULL),
(280,	1093,	49923,	'2025-04-01 22:48:00',	93,	'N000F237O3416209193',	0,	0,	0,	0,	0,	0,	0,	0,	0,	0,	0,	0,	0,	0,	0,	0,	0,	0,	0,	NULL,	NULL),
(281,	1093,	49923,	'2025-04-01 22:48:00',	94,	'N000F247O3416209194',	0,	0,	0,	0,	0,	0,	0,	0,	0,	0,	0,	0,	0,	0,	0,	0,	0,	0,	0,	NULL,	NULL),
(282,	1093,	61236,	'2025-04-01 22:48:00',	91,	'NK837217O3416288591',	0,	0,	0,	0,	0,	0,	0,	0,	0,	0,	0,	0,	0,	0,	0,	0,	0,	0,	0,	NULL,	NULL),
(283,	1093,	61236,	'2025-04-01 22:48:00',	92,	'NK837227O3416288592',	0,	0,	0,	0,	0,	0,	0,	0,	0,	0,	0,	0,	0,	0,	0,	0,	0,	0,	0,	NULL,	NULL),
(284,	1093,	61236,	'2025-04-01 22:48:00',	94,	'NK837247O3416288594',	0,	0,	0,	0,	0,	0,	0,	0,	0,	0,	0,	0,	0,	0,	0,	0,	0,	0,	0,	NULL,	NULL),
(285,	1093,	61236,	'2025-04-01 22:48:00',	95,	'NK837257O3416288595',	0,	0,	0,	0,	0,	0,	0,	0,	0,	0,	0,	0,	0,	0,	0,	0,	0,	0,	0,	NULL,	NULL),
(248,	1093,	18847,	'2025-04-01 22:47:00',	91,	'NM700517O3415903591',	0,	0,	0,	0,	0,	0,	0,	0,	0,	0,	0,	0,	0,	0,	0,	0,	0,	0,	0,	NULL,	NULL),
(249,	1093,	18847,	'2025-04-01 22:47:00',	92,	'NM700527O3415903592',	0,	0,	0,	0,	0,	0,	0,	0,	0,	0,	0,	0,	0,	0,	0,	0,	0,	0,	0,	NULL,	NULL),
(250,	1093,	18847,	'2025-04-01 22:47:00',	93,	'NM700537O3415903593',	0,	0,	0,	0,	0,	0,	0,	0,	0,	0,	0,	0,	0,	0,	0,	0,	0,	0,	0,	NULL,	NULL),
(251,	1093,	19288,	'2025-04-01 22:47:00',	91,	'N0G17817O3416211191',	0,	0,	0,	0,	0,	0,	0,	0,	0,	0,	0,	0,	0,	0,	0,	0,	0,	0,	0,	NULL,	NULL),
(252,	1093,	19288,	'2025-04-01 22:47:00',	92,	'N0G17827O3416211192',	0,	0,	0,	0,	0,	0,	0,	0,	0,	0,	0,	0,	0,	0,	0,	0,	0,	0,	0,	NULL,	NULL),
(253,	1093,	19288,	'2025-04-01 22:47:00',	93,	'N0G17837O3416211193',	0,	0,	0,	0,	0,	0,	0,	0,	0,	0,	0,	0,	0,	0,	0,	0,	0,	0,	0,	NULL,	NULL),
(254,	1093,	19288,	'2025-04-01 22:47:00',	94,	'N0G17847O3416211194',	0,	0,	0,	0,	0,	0,	0,	0,	0,	0,	0,	0,	0,	0,	0,	0,	0,	0,	0,	NULL,	NULL),
(255,	1093,	20166,	'2025-04-01 22:47:00',	91,	'NK839017O3416463491',	0,	0,	0,	0,	0,	0,	0,	0,	0,	0,	0,	0,	0,	0,	0,	0,	0,	0,	0,	NULL,	NULL),
(256,	1093,	20166,	'2025-04-01 22:47:00',	92,	'NK839027O3416463492',	0,	0,	0,	0,	0,	0,	0,	0,	0,	0,	0,	0,	0,	0,	0,	0,	0,	0,	0,	NULL,	NULL),
(257,	1093,	20166,	'2025-04-01 22:47:00',	94,	'NK839047O3416463494',	0,	0,	0,	0,	0,	0,	0,	0,	0,	0,	0,	0,	0,	0,	0,	0,	0,	0,	0,	NULL,	NULL),
(258,	1093,	20166,	'2025-04-01 22:47:00',	95,	'NK839057O3416463495',	0,	0,	0,	0,	0,	0,	0,	0,	0,	0,	0,	0,	0,	0,	0,	0,	0,	0,	0,	NULL,	NULL),
(259,	1093,	49923,	'2025-04-01 22:47:00',	91,	'N000F217O3416209191',	0,	0,	0,	0,	0,	0,	0,	0,	0,	0,	0,	0,	0,	0,	0,	0,	0,	0,	0,	NULL,	NULL),
(260,	1093,	49923,	'2025-04-01 22:47:00',	92,	'N000F227O3416209192',	0,	0,	0,	0,	0,	0,	0,	0,	0,	0,	0,	0,	0,	0,	0,	0,	0,	0,	0,	NULL,	NULL),
(261,	1093,	49923,	'2025-04-01 22:47:00',	93,	'N000F237O3416209193',	0,	0,	0,	0,	0,	0,	0,	0,	0,	0,	0,	0,	0,	0,	0,	0,	0,	0,	0,	NULL,	NULL),
(262,	1093,	49923,	'2025-04-01 22:47:00',	94,	'N000F247O3416209194',	0,	0,	0,	0,	0,	0,	0,	0,	0,	0,	0,	0,	0,	0,	0,	0,	0,	0,	0,	NULL,	NULL),
(263,	1093,	61236,	'2025-04-01 22:47:00',	91,	'NK837217O3416288591',	0,	0,	0,	0,	0,	0,	0,	0,	0,	0,	0,	0,	0,	0,	0,	0,	0,	0,	0,	NULL,	NULL),
(264,	1093,	61236,	'2025-04-01 22:47:00',	92,	'NK837227O3416288592',	0,	0,	0,	0,	0,	0,	0,	0,	0,	0,	0,	0,	0,	0,	0,	0,	0,	0,	0,	NULL,	NULL),
(265,	1093,	61236,	'2025-04-01 22:47:00',	94,	'NK837247O3416288594',	0,	0,	0,	0,	0,	0,	0,	0,	0,	0,	0,	0,	0,	0,	0,	0,	0,	0,	0,	NULL,	NULL),
(266,	1093,	61236,	'2025-04-01 22:47:00',	95,	'NK837257O3416288595',	0,	0,	0,	0,	0,	0,	0,	0,	0,	0,	0,	0,	0,	0,	0,	0,	0,	0,	0,	NULL,	NULL),
(229,	1093,	18847,	'2025-04-01 22:46:00',	91,	'NM700517O3415903591',	0,	0,	0,	0,	0,	0,	0,	0,	0,	0,	0,	0,	0,	0,	0,	0,	0,	0,	0,	NULL,	NULL),
(230,	1093,	18847,	'2025-04-01 22:46:00',	92,	'NM700527O3415903592',	0,	0,	0,	0,	0,	0,	0,	0,	0,	0,	0,	0,	0,	0,	0,	0,	0,	0,	0,	NULL,	NULL),
(231,	1093,	18847,	'2025-04-01 22:46:00',	93,	'NM700537O3415903593',	0,	0,	0,	0,	0,	0,	0,	0,	0,	0,	0,	0,	0,	0,	0,	0,	0,	0,	0,	NULL,	NULL),
(232,	1093,	19288,	'2025-04-01 22:46:00',	91,	'N0G17817O3416211191',	0,	0,	0,	0,	0,	0,	0,	0,	0,	0,	0,	0,	0,	0,	0,	0,	0,	0,	0,	NULL,	NULL),
(233,	1093,	19288,	'2025-04-01 22:46:00',	92,	'N0G17827O3416211192',	0,	0,	0,	0,	0,	0,	0,	0,	0,	0,	0,	0,	0,	0,	0,	0,	0,	0,	0,	NULL,	NULL),
(234,	1093,	19288,	'2025-04-01 22:46:00',	93,	'N0G17837O3416211193',	0,	0,	0,	0,	0,	0,	0,	0,	0,	0,	0,	0,	0,	0,	0,	0,	0,	0,	0,	NULL,	NULL),
(235,	1093,	19288,	'2025-04-01 22:46:00',	94,	'N0G17847O3416211194',	0,	0,	0,	0,	0,	0,	0,	0,	0,	0,	0,	0,	0,	0,	0,	0,	0,	0,	0,	NULL,	NULL),
(236,	1093,	20166,	'2025-04-01 22:46:00',	91,	'NK839017O3416463491',	0,	0,	0,	0,	0,	0,	0,	0,	0,	0,	0,	0,	0,	0,	0,	0,	0,	0,	0,	NULL,	NULL),
(237,	1093,	20166,	'2025-04-01 22:46:00',	92,	'NK839027O3416463492',	0,	0,	0,	0,	0,	0,	0,	0,	0,	0,	0,	0,	0,	0,	0,	0,	0,	0,	0,	NULL,	NULL),
(238,	1093,	20166,	'2025-04-01 22:46:00',	94,	'NK839047O3416463494',	0,	0,	0,	0,	0,	0,	0,	0,	0,	0,	0,	0,	0,	0,	0,	0,	0,	0,	0,	NULL,	NULL),
(239,	1093,	20166,	'2025-04-01 22:46:00',	95,	'NK839057O3416463495',	0,	0,	0,	0,	0,	0,	0,	0,	0,	0,	0,	0,	0,	0,	0,	0,	0,	0,	0,	NULL,	NULL),
(240,	1093,	49923,	'2025-04-01 22:46:00',	91,	'N000F217O3416209191',	0,	0,	0,	0,	0,	0,	0,	0,	0,	0,	0,	0,	0,	0,	0,	0,	0,	0,	0,	NULL,	NULL),
(241,	1093,	49923,	'2025-04-01 22:46:00',	92,	'N000F227O3416209192',	0,	0,	0,	0,	0,	0,	0,	0,	0,	0,	0,	0,	0,	0,	0,	0,	0,	0,	0,	NULL,	NULL),
(242,	1093,	49923,	'2025-04-01 22:46:00',	93,	'N000F237O3416209193',	0,	0,	0,	0,	0,	0,	0,	0,	0,	0,	0,	0,	0,	0,	0,	0,	0,	0,	0,	NULL,	NULL),
(243,	1093,	49923,	'2025-04-01 22:46:00',	94,	'N000F247O3416209194',	0,	0,	0,	0,	0,	0,	0,	0,	0,	0,	0,	0,	0,	0,	0,	0,	0,	0,	0,	NULL,	NULL),
(244,	1093,	61236,	'2025-04-01 22:46:00',	91,	'NK837217O3416288591',	0,	0,	0,	0,	0,	0,	0,	0,	0,	0,	0,	0,	0,	0,	0,	0,	0,	0,	0,	NULL,	NULL),
(245,	1093,	61236,	'2025-04-01 22:46:00',	92,	'NK837227O3416288592',	0,	0,	0,	0,	0,	0,	0,	0,	0,	0,	0,	0,	0,	0,	0,	0,	0,	0,	0,	NULL,	NULL),
(246,	1093,	61236,	'2025-04-01 22:46:00',	94,	'NK837247O3416288594',	0,	0,	0,	0,	0,	0,	0,	0,	0,	0,	0,	0,	0,	0,	0,	0,	0,	0,	0,	NULL,	NULL),
(247,	1093,	61236,	'2025-04-01 22:46:00',	95,	'NK837257O3416288595',	0,	0,	0,	0,	0,	0,	0,	0,	0,	0,	0,	0,	0,	0,	0,	0,	0,	0,	0,	NULL,	NULL),
(210,	1093,	18847,	'2025-04-01 22:45:00',	91,	'NM700517O3415903591',	0,	0,	0,	0,	0,	0,	0,	0,	0,	0,	0,	0,	0,	0,	0,	0,	0,	0,	0,	NULL,	NULL),
(211,	1093,	18847,	'2025-04-01 22:45:00',	92,	'NM700527O3415903592',	0,	0,	0,	0,	0,	0,	0,	0,	0,	0,	0,	0,	0,	0,	0,	0,	0,	0,	0,	NULL,	NULL),
(212,	1093,	18847,	'2025-04-01 22:45:00',	93,	'NM700537O3415903593',	0,	0,	0,	0,	0,	0,	0,	0,	0,	0,	0,	0,	0,	0,	0,	0,	0,	0,	0,	NULL,	NULL),
(213,	1093,	19288,	'2025-04-01 22:45:00',	91,	'N0G17817O3416211191',	0,	0,	0,	0,	0,	0,	0,	0,	0,	0,	0,	0,	0,	0,	0,	0,	0,	0,	0,	NULL,	NULL),
(214,	1093,	19288,	'2025-04-01 22:45:00',	92,	'N0G17827O3416211192',	0,	0,	0,	0,	0,	0,	0,	0,	0,	0,	0,	0,	0,	0,	0,	0,	0,	0,	0,	NULL,	NULL),
(215,	1093,	19288,	'2025-04-01 22:45:00',	93,	'N0G17837O3416211193',	0,	0,	0,	0,	0,	0,	0,	0,	0,	0,	0,	0,	0,	0,	0,	0,	0,	0,	0,	NULL,	NULL),
(216,	1093,	19288,	'2025-04-01 22:45:00',	94,	'N0G17847O3416211194',	0,	0,	0,	0,	0,	0,	0,	0,	0,	0,	0,	0,	0,	0,	0,	0,	0,	0,	0,	NULL,	NULL),
(217,	1093,	20166,	'2025-04-01 22:45:00',	91,	'NK839017O3416463491',	0,	0,	0,	0,	0,	0,	0,	0,	0,	0,	0,	0,	0,	0,	0,	0,	0,	0,	0,	NULL,	NULL),
(218,	1093,	20166,	'2025-04-01 22:45:00',	92,	'NK839027O3416463492',	0,	0,	0,	0,	0,	0,	0,	0,	0,	0,	0,	0,	0,	0,	0,	0,	0,	0,	0,	NULL,	NULL),
(219,	1093,	20166,	'2025-04-01 22:45:00',	94,	'NK839047O3416463494',	0,	0,	0,	0,	0,	0,	0,	0,	0,	0,	0,	0,	0,	0,	0,	0,	0,	0,	0,	NULL,	NULL),
(220,	1093,	20166,	'2025-04-01 22:45:00',	95,	'NK839057O3416463495',	0,	0,	0,	0,	0,	0,	0,	0,	0,	0,	0,	0,	0,	0,	0,	0,	0,	0,	0,	NULL,	NULL),
(221,	1093,	49923,	'2025-04-01 22:45:00',	91,	'N000F217O3416209191',	0,	0,	0,	0,	0,	0,	0,	0,	0,	0,	0,	0,	0,	0,	0,	0,	0,	0,	0,	NULL,	NULL),
(222,	1093,	49923,	'2025-04-01 22:45:00',	92,	'N000F227O3416209192',	0,	0,	0,	0,	0,	0,	0,	0,	0,	0,	0,	0,	0,	0,	0,	0,	0,	0,	0,	NULL,	NULL),
(223,	1093,	49923,	'2025-04-01 22:45:00',	93,	'N000F237O3416209193',	0,	0,	0,	0,	0,	0,	0,	0,	0,	0,	0,	0,	0,	0,	0,	0,	0,	0,	0,	NULL,	NULL),
(224,	1093,	49923,	'2025-04-01 22:45:00',	94,	'N000F247O3416209194',	0,	0,	0,	0,	0,	0,	0,	0,	0,	0,	0,	0,	0,	0,	0,	0,	0,	0,	0,	NULL,	NULL),
(225,	1093,	61236,	'2025-04-01 22:45:00',	91,	'NK837217O3416288591',	0,	0,	0,	0,	0,	0,	0,	0,	0,	0,	0,	0,	0,	0,	0,	0,	0,	0,	0,	NULL,	NULL),
(226,	1093,	61236,	'2025-04-01 22:45:00',	92,	'NK837227O3416288592',	0,	0,	0,	0,	0,	0,	0,	0,	0,	0,	0,	0,	0,	0,	0,	0,	0,	0,	0,	NULL,	NULL),
(227,	1093,	61236,	'2025-04-01 22:45:00',	94,	'NK837247O3416288594',	0,	0,	0,	0,	0,	0,	0,	0,	0,	0,	0,	0,	0,	0,	0,	0,	0,	0,	0,	NULL,	NULL),
(228,	1093,	61236,	'2025-04-01 22:45:00',	95,	'NK837257O3416288595',	0,	0,	0,	0,	0,	0,	0,	0,	0,	0,	0,	0,	0,	0,	0,	0,	0,	0,	0,	NULL,	NULL),
(191,	1093,	18847,	'2025-04-01 22:44:00',	91,	'NM700517O3415903591',	0,	0,	0,	1,	1,	0,	0,	1,	0,	0,	1,	0,	0,	0,	0,	0,	0,	0,	0,	NULL,	NULL),
(192,	1093,	18847,	'2025-04-01 22:44:00',	92,	'NM700527O3415903592',	0,	0,	0,	0,	0,	0,	0,	0,	0,	0,	0,	0,	0,	0,	0,	0,	0,	0,	0,	NULL,	NULL),
(193,	1093,	18847,	'2025-04-01 22:44:00',	93,	'NM700537O3415903593',	0,	0,	0,	0,	0,	0,	0,	0,	0,	0,	0,	0,	0,	0,	0,	0,	0,	0,	0,	NULL,	NULL),
(194,	1093,	19288,	'2025-04-01 22:44:00',	91,	'N0G17817O3416211191',	0,	0,	0,	0,	0,	0,	0,	0,	0,	0,	0,	0,	0,	0,	0,	0,	0,	0,	0,	NULL,	NULL),
(195,	1093,	19288,	'2025-04-01 22:44:00',	92,	'N0G17827O3416211192',	0,	0,	0,	0,	0,	0,	0,	0,	0,	0,	0,	0,	0,	0,	0,	0,	0,	0,	0,	NULL,	NULL),
(196,	1093,	19288,	'2025-04-01 22:44:00',	93,	'N0G17837O3416211193',	0,	0,	0,	0,	0,	0,	0,	0,	0,	0,	0,	0,	0,	0,	0,	0,	0,	0,	0,	NULL,	NULL),
(197,	1093,	19288,	'2025-04-01 22:44:00',	94,	'N0G17847O3416211194',	0,	0,	0,	0,	0,	0,	0,	0,	0,	0,	0,	0,	0,	0,	0,	0,	0,	0,	0,	NULL,	NULL),
(198,	1093,	20166,	'2025-04-01 22:44:00',	91,	'NK839017O3416463491',	0,	0,	0,	0,	0,	0,	0,	0,	0,	0,	0,	0,	0,	0,	0,	0,	0,	0,	0,	NULL,	NULL),
(199,	1093,	20166,	'2025-04-01 22:44:00',	92,	'NK839027O3416463492',	0,	0,	0,	0,	0,	0,	0,	0,	0,	0,	0,	0,	0,	0,	0,	0,	0,	0,	0,	NULL,	NULL),
(200,	1093,	20166,	'2025-04-01 22:44:00',	94,	'NK839047O3416463494',	0,	0,	0,	0,	0,	0,	0,	0,	0,	0,	0,	0,	0,	0,	0,	0,	0,	0,	0,	NULL,	NULL),
(201,	1093,	20166,	'2025-04-01 22:44:00',	95,	'NK839057O3416463495',	0,	0,	0,	0,	0,	0,	0,	0,	0,	0,	0,	0,	0,	0,	0,	0,	0,	0,	0,	NULL,	NULL),
(202,	1093,	49923,	'2025-04-01 22:44:00',	91,	'N000F217O3416209191',	0,	0,	0,	0,	0,	0,	0,	0,	0,	0,	0,	0,	0,	0,	0,	0,	0,	0,	0,	NULL,	NULL),
(203,	1093,	49923,	'2025-04-01 22:44:00',	92,	'N000F227O3416209192',	0,	0,	0,	0,	0,	0,	0,	0,	0,	0,	0,	0,	0,	0,	0,	0,	0,	0,	0,	NULL,	NULL),
(204,	1093,	49923,	'2025-04-01 22:44:00',	93,	'N000F237O3416209193',	0,	0,	0,	0,	0,	0,	0,	0,	0,	0,	0,	0,	0,	0,	0,	0,	0,	0,	0,	NULL,	NULL),
(205,	1093,	49923,	'2025-04-01 22:44:00',	94,	'N000F247O3416209194',	0,	0,	0,	0,	0,	0,	0,	0,	0,	0,	0,	0,	0,	0,	0,	0,	0,	0,	0,	NULL,	NULL),
(206,	1093,	61236,	'2025-04-01 22:44:00',	91,	'NK837217O3416288591',	0,	0,	0,	0,	0,	0,	0,	0,	0,	0,	0,	0,	0,	0,	0,	0,	0,	0,	0,	NULL,	NULL),
(207,	1093,	61236,	'2025-04-01 22:44:00',	92,	'NK837227O3416288592',	0,	0,	0,	0,	0,	0,	0,	0,	0,	0,	0,	0,	0,	0,	0,	0,	0,	0,	0,	NULL,	NULL),
(208,	1093,	61236,	'2025-04-01 22:44:00',	94,	'NK837247O3416288594',	0,	0,	0,	0,	0,	0,	0,	0,	0,	0,	0,	0,	0,	0,	0,	0,	0,	0,	0,	NULL,	NULL),
(209,	1093,	61236,	'2025-04-01 22:44:00',	95,	'NK837257O3416288595',	0,	0,	0,	0,	0,	0,	0,	0,	0,	0,	0,	0,	0,	0,	0,	0,	0,	0,	0,	NULL,	NULL),
(172,	1093,	18847,	'2025-04-01 22:43:00',	91,	'NM700517O3415903591',	0,	0,	0,	1,	1,	0,	0,	1,	0,	0,	1,	0,	0,	0,	0,	0,	0,	0,	0,	NULL,	NULL),
(173,	1093,	18847,	'2025-04-01 22:43:00',	92,	'NM700527O3415903592',	0,	0,	0,	0,	0,	0,	0,	0,	0,	0,	0,	0,	0,	0,	0,	0,	0,	0,	0,	NULL,	NULL),
(174,	1093,	18847,	'2025-04-01 22:43:00',	93,	'NM700537O3415903593',	0,	0,	0,	0,	0,	0,	0,	0,	0,	0,	0,	0,	0,	0,	0,	0,	0,	0,	0,	NULL,	NULL),
(175,	1093,	19288,	'2025-04-01 22:43:00',	91,	'N0G17817O3416211191',	0,	0,	0,	0,	0,	0,	0,	0,	0,	0,	0,	0,	0,	0,	0,	0,	0,	0,	0,	NULL,	NULL),
(176,	1093,	19288,	'2025-04-01 22:43:00',	92,	'N0G17827O3416211192',	0,	0,	0,	0,	0,	0,	0,	0,	0,	0,	0,	0,	0,	0,	0,	0,	0,	0,	0,	NULL,	NULL),
(177,	1093,	19288,	'2025-04-01 22:43:00',	93,	'N0G17837O3416211193',	0,	0,	0,	0,	0,	0,	0,	0,	0,	0,	0,	0,	0,	0,	0,	0,	0,	0,	0,	NULL,	NULL),
(178,	1093,	19288,	'2025-04-01 22:43:00',	94,	'N0G17847O3416211194',	0,	0,	0,	0,	0,	0,	0,	0,	0,	0,	0,	0,	0,	0,	0,	0,	0,	0,	0,	NULL,	NULL),
(179,	1093,	20166,	'2025-04-01 22:43:00',	91,	'NK839017O3416463491',	0,	0,	0,	0,	0,	0,	0,	0,	0,	0,	0,	0,	0,	0,	0,	0,	0,	0,	0,	NULL,	NULL),
(180,	1093,	20166,	'2025-04-01 22:43:00',	92,	'NK839027O3416463492',	0,	0,	0,	0,	0,	0,	0,	0,	0,	0,	0,	0,	0,	0,	0,	0,	0,	0,	0,	NULL,	NULL),
(181,	1093,	20166,	'2025-04-01 22:43:00',	94,	'NK839047O3416463494',	0,	0,	0,	0,	0,	0,	0,	0,	0,	0,	0,	0,	0,	0,	0,	0,	0,	0,	0,	NULL,	NULL),
(182,	1093,	20166,	'2025-04-01 22:43:00',	95,	'NK839057O3416463495',	0,	0,	0,	0,	0,	0,	0,	0,	0,	0,	0,	0,	0,	0,	0,	0,	0,	0,	0,	NULL,	NULL),
(183,	1093,	49923,	'2025-04-01 22:43:00',	91,	'N000F217O3416209191',	0,	0,	0,	0,	0,	0,	0,	0,	0,	0,	0,	0,	0,	0,	0,	0,	0,	0,	0,	NULL,	NULL),
(184,	1093,	49923,	'2025-04-01 22:43:00',	92,	'N000F227O3416209192',	0,	0,	0,	0,	0,	0,	0,	0,	0,	0,	0,	0,	0,	0,	0,	0,	0,	0,	0,	NULL,	NULL),
(185,	1093,	49923,	'2025-04-01 22:43:00',	93,	'N000F237O3416209193',	0,	0,	0,	0,	0,	0,	0,	0,	0,	0,	0,	0,	0,	0,	0,	0,	0,	0,	0,	NULL,	NULL),
(186,	1093,	49923,	'2025-04-01 22:43:00',	94,	'N000F247O3416209194',	0,	0,	0,	0,	0,	0,	0,	0,	0,	0,	0,	0,	0,	0,	0,	0,	0,	0,	0,	NULL,	NULL),
(187,	1093,	61236,	'2025-04-01 22:43:00',	91,	'NK837217O3416288591',	0,	0,	0,	0,	0,	0,	0,	0,	0,	0,	0,	0,	0,	0,	0,	0,	0,	0,	0,	NULL,	NULL),
(188,	1093,	61236,	'2025-04-01 22:43:00',	92,	'NK837227O3416288592',	0,	0,	0,	0,	0,	0,	0,	0,	0,	0,	0,	0,	0,	0,	0,	0,	0,	0,	0,	NULL,	NULL),
(189,	1093,	61236,	'2025-04-01 22:43:00',	94,	'NK837247O3416288594',	0,	0,	0,	0,	0,	0,	0,	0,	0,	0,	0,	0,	0,	0,	0,	0,	0,	0,	0,	NULL,	NULL),
(190,	1093,	61236,	'2025-04-01 22:43:00',	95,	'NK837257O3416288595',	0,	0,	0,	0,	0,	0,	0,	0,	0,	0,	0,	0,	0,	0,	0,	0,	0,	0,	0,	NULL,	NULL),
(153,	1093,	18847,	'2025-04-01 22:42:00',	91,	'NM700517O3415903591',	0,	0,	0,	0,	0,	0,	0,	0,	0,	0,	0,	0,	0,	0,	0,	0,	0,	0,	0,	NULL,	NULL),
(154,	1093,	18847,	'2025-04-01 22:42:00',	92,	'NM700527O3415903592',	0,	0,	0,	0,	0,	0,	0,	0,	0,	0,	0,	0,	0,	0,	0,	0,	0,	0,	0,	NULL,	NULL),
(155,	1093,	18847,	'2025-04-01 22:42:00',	93,	'NM700537O3415903593',	0,	0,	0,	0,	0,	0,	0,	0,	0,	0,	0,	0,	0,	0,	0,	0,	0,	0,	0,	NULL,	NULL),
(156,	1093,	19288,	'2025-04-01 22:42:00',	91,	'N0G17817O3416211191',	0,	0,	0,	0,	0,	0,	0,	0,	0,	0,	0,	0,	0,	0,	0,	0,	0,	0,	0,	NULL,	NULL),
(157,	1093,	19288,	'2025-04-01 22:42:00',	92,	'N0G17827O3416211192',	0,	0,	0,	0,	0,	0,	0,	0,	0,	0,	0,	0,	0,	0,	0,	0,	0,	0,	0,	NULL,	NULL),
(158,	1093,	19288,	'2025-04-01 22:42:00',	93,	'N0G17837O3416211193',	0,	0,	0,	0,	0,	0,	0,	0,	0,	0,	0,	0,	0,	0,	0,	0,	0,	0,	0,	NULL,	NULL),
(159,	1093,	19288,	'2025-04-01 22:42:00',	94,	'N0G17847O3416211194',	0,	0,	0,	0,	0,	0,	0,	0,	0,	0,	0,	0,	0,	0,	0,	0,	0,	0,	0,	NULL,	NULL),
(160,	1093,	20166,	'2025-04-01 22:42:00',	91,	'NK839017O3416463491',	0,	0,	0,	0,	0,	0,	0,	0,	0,	0,	0,	0,	0,	0,	0,	0,	0,	0,	0,	NULL,	NULL),
(161,	1093,	20166,	'2025-04-01 22:42:00',	92,	'NK839027O3416463492',	0,	0,	0,	0,	0,	0,	0,	0,	0,	0,	0,	0,	0,	0,	0,	0,	0,	0,	0,	NULL,	NULL),
(162,	1093,	20166,	'2025-04-01 22:42:00',	94,	'NK839047O3416463494',	0,	0,	0,	0,	0,	0,	0,	0,	0,	0,	0,	0,	0,	0,	0,	0,	0,	0,	0,	NULL,	NULL),
(163,	1093,	20166,	'2025-04-01 22:42:00',	95,	'NK839057O3416463495',	0,	0,	0,	0,	0,	0,	0,	0,	0,	0,	0,	0,	0,	0,	0,	0,	0,	0,	0,	NULL,	NULL),
(164,	1093,	49923,	'2025-04-01 22:42:00',	91,	'N000F217O3416209191',	0,	0,	0,	0,	0,	0,	0,	0,	0,	0,	0,	0,	0,	0,	0,	0,	0,	0,	0,	NULL,	NULL),
(165,	1093,	49923,	'2025-04-01 22:42:00',	92,	'N000F227O3416209192',	0,	0,	0,	0,	0,	0,	0,	0,	0,	0,	0,	0,	0,	0,	0,	0,	0,	0,	0,	NULL,	NULL),
(166,	1093,	49923,	'2025-04-01 22:42:00',	93,	'N000F237O3416209193',	0,	0,	0,	0,	0,	0,	0,	0,	0,	0,	0,	0,	0,	0,	0,	0,	0,	0,	0,	NULL,	NULL),
(167,	1093,	49923,	'2025-04-01 22:42:00',	94,	'N000F247O3416209194',	0,	0,	0,	0,	0,	0,	0,	0,	0,	0,	0,	0,	0,	0,	0,	0,	0,	0,	0,	NULL,	NULL),
(168,	1093,	61236,	'2025-04-01 22:42:00',	91,	'NK837217O3416288591',	0,	0,	0,	0,	0,	0,	0,	0,	0,	0,	0,	0,	0,	0,	0,	0,	0,	0,	0,	NULL,	NULL),
(169,	1093,	61236,	'2025-04-01 22:42:00',	92,	'NK837227O3416288592',	0,	0,	0,	0,	0,	0,	0,	0,	0,	0,	0,	0,	0,	0,	0,	0,	0,	0,	0,	NULL,	NULL),
(170,	1093,	61236,	'2025-04-01 22:42:00',	94,	'NK837247O3416288594',	0,	0,	0,	0,	0,	0,	0,	0,	0,	0,	0,	0,	0,	0,	0,	0,	0,	0,	0,	NULL,	NULL),
(171,	1093,	61236,	'2025-04-01 22:42:00',	95,	'NK837257O3416288595',	0,	0,	0,	0,	0,	0,	0,	0,	0,	0,	0,	0,	0,	0,	0,	0,	0,	0,	0,	NULL,	NULL),
(134,	1093,	18847,	'2025-04-01 22:41:00',	91,	'NM700517O3415903591',	0,	0,	0,	0,	0,	0,	0,	0,	0,	0,	0,	0,	0,	0,	0,	0,	0,	0,	0,	NULL,	NULL),
(135,	1093,	18847,	'2025-04-01 22:41:00',	92,	'NM700527O3415903592',	0,	0,	0,	0,	0,	0,	0,	0,	0,	0,	0,	0,	0,	0,	0,	0,	0,	0,	0,	NULL,	NULL),
(136,	1093,	18847,	'2025-04-01 22:41:00',	93,	'NM700537O3415903593',	0,	0,	0,	0,	0,	0,	0,	0,	0,	0,	0,	0,	0,	0,	0,	0,	0,	0,	0,	NULL,	NULL),
(137,	1093,	19288,	'2025-04-01 22:41:00',	91,	'N0G17817O3416211191',	0,	0,	0,	0,	0,	0,	0,	0,	0,	0,	0,	0,	0,	0,	0,	0,	0,	0,	0,	NULL,	NULL),
(138,	1093,	19288,	'2025-04-01 22:41:00',	92,	'N0G17827O3416211192',	0,	0,	0,	0,	0,	0,	0,	0,	0,	0,	0,	0,	0,	0,	0,	0,	0,	0,	0,	NULL,	NULL),
(139,	1093,	19288,	'2025-04-01 22:41:00',	93,	'N0G17837O3416211193',	0,	0,	0,	0,	0,	0,	0,	0,	0,	0,	0,	0,	0,	0,	0,	0,	0,	0,	0,	NULL,	NULL),
(140,	1093,	19288,	'2025-04-01 22:41:00',	94,	'N0G17847O3416211194',	0,	0,	0,	0,	0,	0,	0,	0,	0,	0,	0,	0,	0,	0,	0,	0,	0,	0,	0,	NULL,	NULL),
(141,	1093,	20166,	'2025-04-01 22:41:00',	91,	'NK839017O3416463491',	0,	0,	0,	0,	0,	0,	0,	0,	0,	0,	0,	0,	0,	0,	0,	0,	0,	0,	0,	NULL,	NULL),
(142,	1093,	20166,	'2025-04-01 22:41:00',	92,	'NK839027O3416463492',	0,	0,	0,	0,	0,	0,	0,	0,	0,	0,	0,	0,	0,	0,	0,	0,	0,	0,	0,	NULL,	NULL),
(143,	1093,	20166,	'2025-04-01 22:41:00',	94,	'NK839047O3416463494',	0,	0,	0,	0,	0,	0,	0,	0,	0,	0,	0,	0,	0,	0,	0,	0,	0,	0,	0,	NULL,	NULL),
(144,	1093,	20166,	'2025-04-01 22:41:00',	95,	'NK839057O3416463495',	0,	0,	0,	0,	0,	0,	0,	0,	0,	0,	0,	0,	0,	0,	0,	0,	0,	0,	0,	NULL,	NULL),
(145,	1093,	49923,	'2025-04-01 22:41:00',	91,	'N000F217O3416209191',	0,	0,	0,	0,	0,	0,	0,	0,	0,	0,	0,	0,	0,	0,	0,	0,	0,	0,	0,	NULL,	NULL),
(146,	1093,	49923,	'2025-04-01 22:41:00',	92,	'N000F227O3416209192',	0,	0,	0,	0,	0,	0,	0,	0,	0,	0,	0,	0,	0,	0,	0,	0,	0,	0,	0,	NULL,	NULL),
(147,	1093,	49923,	'2025-04-01 22:41:00',	93,	'N000F237O3416209193',	0,	0,	0,	0,	0,	0,	0,	0,	0,	0,	0,	0,	0,	0,	0,	0,	0,	0,	0,	NULL,	NULL),
(148,	1093,	49923,	'2025-04-01 22:41:00',	94,	'N000F247O3416209194',	0,	0,	0,	0,	0,	0,	0,	0,	0,	0,	0,	0,	0,	0,	0,	0,	0,	0,	0,	NULL,	NULL),
(149,	1093,	61236,	'2025-04-01 22:41:00',	91,	'NK837217O3416288591',	0,	0,	0,	0,	0,	0,	0,	0,	0,	0,	0,	0,	0,	0,	0,	0,	0,	0,	0,	NULL,	NULL),
(150,	1093,	61236,	'2025-04-01 22:41:00',	92,	'NK837227O3416288592',	0,	0,	0,	0,	0,	0,	0,	0,	0,	0,	0,	0,	0,	0,	0,	0,	0,	0,	0,	NULL,	NULL),
(151,	1093,	61236,	'2025-04-01 22:41:00',	94,	'NK837247O3416288594',	0,	0,	0,	0,	0,	0,	0,	0,	0,	0,	0,	0,	0,	0,	0,	0,	0,	0,	0,	NULL,	NULL),
(152,	1093,	61236,	'2025-04-01 22:41:00',	95,	'NK837257O3416288595',	0,	0,	0,	0,	0,	0,	0,	0,	0,	0,	0,	0,	0,	0,	0,	0,	0,	0,	0,	NULL,	NULL),
(115,	1093,	18847,	'2025-04-01 22:40:00',	91,	'NM700517O3415903591',	0,	0,	0,	0,	0,	0,	0,	0,	0,	0,	0,	0,	0,	0,	0,	0,	0,	0,	0,	NULL,	NULL),
(116,	1093,	18847,	'2025-04-01 22:40:00',	92,	'NM700527O3415903592',	0,	0,	0,	0,	0,	0,	0,	0,	0,	0,	0,	0,	0,	0,	0,	0,	0,	0,	0,	NULL,	NULL),
(117,	1093,	18847,	'2025-04-01 22:40:00',	93,	'NM700537O3415903593',	0,	0,	0,	0,	0,	0,	0,	0,	0,	0,	0,	0,	0,	0,	0,	0,	0,	0,	0,	NULL,	NULL),
(118,	1093,	19288,	'2025-04-01 22:40:00',	91,	'N0G17817O3416211191',	0,	0,	0,	0,	0,	0,	0,	0,	0,	0,	0,	0,	0,	0,	0,	0,	0,	0,	0,	NULL,	NULL),
(119,	1093,	19288,	'2025-04-01 22:40:00',	92,	'N0G17827O3416211192',	0,	0,	0,	0,	0,	0,	0,	0,	0,	0,	0,	0,	0,	0,	0,	0,	0,	0,	0,	NULL,	NULL),
(120,	1093,	19288,	'2025-04-01 22:40:00',	93,	'N0G17837O3416211193',	0,	0,	0,	0,	0,	0,	0,	0,	0,	0,	0,	0,	0,	0,	0,	0,	0,	0,	0,	NULL,	NULL),
(121,	1093,	19288,	'2025-04-01 22:40:00',	94,	'N0G17847O3416211194',	0,	0,	0,	0,	0,	0,	0,	0,	0,	0,	0,	0,	0,	0,	0,	0,	0,	0,	0,	NULL,	NULL),
(122,	1093,	20166,	'2025-04-01 22:40:00',	91,	'NK839017O3416463491',	0,	0,	0,	0,	0,	0,	0,	0,	0,	0,	0,	0,	0,	0,	0,	0,	0,	0,	0,	NULL,	NULL),
(123,	1093,	20166,	'2025-04-01 22:40:00',	92,	'NK839027O3416463492',	0,	0,	0,	0,	0,	0,	0,	0,	0,	0,	0,	0,	0,	0,	0,	0,	0,	0,	0,	NULL,	NULL),
(124,	1093,	20166,	'2025-04-01 22:40:00',	94,	'NK839047O3416463494',	0,	0,	0,	0,	0,	0,	0,	0,	0,	0,	0,	0,	0,	0,	0,	0,	0,	0,	0,	NULL,	NULL),
(125,	1093,	20166,	'2025-04-01 22:40:00',	95,	'NK839057O3416463495',	0,	0,	0,	0,	0,	0,	0,	0,	0,	0,	0,	0,	0,	0,	0,	0,	0,	0,	0,	NULL,	NULL),
(126,	1093,	49923,	'2025-04-01 22:40:00',	91,	'N000F217O3416209191',	0,	0,	0,	0,	0,	0,	0,	0,	0,	0,	0,	0,	0,	0,	0,	0,	0,	0,	0,	NULL,	NULL),
(127,	1093,	49923,	'2025-04-01 22:40:00',	92,	'N000F227O3416209192',	0,	0,	0,	0,	0,	0,	0,	0,	0,	0,	0,	0,	0,	0,	0,	0,	0,	0,	0,	NULL,	NULL),
(128,	1093,	49923,	'2025-04-01 22:40:00',	93,	'N000F237O3416209193',	0,	0,	0,	0,	0,	0,	0,	0,	0,	0,	0,	0,	0,	0,	0,	0,	0,	0,	0,	NULL,	NULL),
(129,	1093,	49923,	'2025-04-01 22:40:00',	94,	'N000F247O3416209194',	0,	0,	0,	0,	0,	0,	0,	0,	0,	0,	0,	0,	0,	0,	0,	0,	0,	0,	0,	NULL,	NULL),
(130,	1093,	61236,	'2025-04-01 22:40:00',	91,	'NK837217O3416288591',	0,	0,	0,	0,	0,	0,	0,	0,	0,	0,	0,	0,	0,	0,	0,	0,	0,	0,	0,	NULL,	NULL),
(131,	1093,	61236,	'2025-04-01 22:40:00',	92,	'NK837227O3416288592',	0,	0,	0,	0,	0,	0,	0,	0,	0,	0,	0,	0,	0,	0,	0,	0,	0,	0,	0,	NULL,	NULL),
(132,	1093,	61236,	'2025-04-01 22:40:00',	94,	'NK837247O3416288594',	0,	0,	0,	0,	0,	0,	0,	0,	0,	0,	0,	0,	0,	0,	0,	0,	0,	0,	0,	NULL,	NULL),
(133,	1093,	61236,	'2025-04-01 22:40:00',	95,	'NK837257O3416288595',	0,	0,	0,	0,	0,	0,	0,	0,	0,	0,	0,	0,	0,	0,	0,	0,	0,	0,	0,	NULL,	NULL),
(96,	1093,	18847,	'2025-04-01 22:39:00',	91,	'NM700517O3415903591',	0,	0,	0,	0,	0,	0,	0,	0,	0,	0,	0,	0,	0,	0,	0,	0,	0,	0,	0,	NULL,	NULL),
(97,	1093,	18847,	'2025-04-01 22:39:00',	92,	'NM700527O3415903592',	0,	0,	0,	0,	0,	0,	0,	0,	0,	0,	0,	0,	0,	0,	0,	0,	0,	0,	0,	NULL,	NULL),
(98,	1093,	18847,	'2025-04-01 22:39:00',	93,	'NM700537O3415903593',	0,	0,	0,	0,	0,	0,	0,	0,	0,	0,	0,	0,	0,	0,	0,	0,	0,	0,	0,	NULL,	NULL),
(99,	1093,	19288,	'2025-04-01 22:39:00',	91,	'N0G17817O3416211191',	0,	0,	0,	0,	0,	0,	0,	0,	0,	0,	0,	0,	0,	0,	0,	0,	0,	0,	0,	NULL,	NULL),
(100,	1093,	19288,	'2025-04-01 22:39:00',	92,	'N0G17827O3416211192',	0,	0,	0,	0,	0,	0,	0,	0,	0,	0,	0,	0,	0,	0,	0,	0,	0,	0,	0,	NULL,	NULL),
(101,	1093,	19288,	'2025-04-01 22:39:00',	93,	'N0G17837O3416211193',	0,	0,	0,	0,	0,	0,	0,	0,	0,	0,	0,	0,	0,	0,	0,	0,	0,	0,	0,	NULL,	NULL),
(102,	1093,	19288,	'2025-04-01 22:39:00',	94,	'N0G17847O3416211194',	0,	0,	0,	0,	0,	0,	0,	0,	0,	0,	0,	0,	0,	0,	0,	0,	0,	0,	0,	NULL,	NULL),
(103,	1093,	20166,	'2025-04-01 22:39:00',	91,	'NK839017O3416463491',	0,	0,	0,	0,	0,	0,	0,	0,	0,	0,	0,	0,	0,	0,	0,	0,	0,	0,	0,	NULL,	NULL),
(104,	1093,	20166,	'2025-04-01 22:39:00',	92,	'NK839027O3416463492',	0,	0,	0,	0,	0,	0,	0,	0,	0,	0,	0,	0,	0,	0,	0,	0,	0,	0,	0,	NULL,	NULL),
(105,	1093,	20166,	'2025-04-01 22:39:00',	94,	'NK839047O3416463494',	0,	0,	0,	0,	0,	0,	0,	0,	0,	0,	0,	0,	0,	0,	0,	0,	0,	0,	0,	NULL,	NULL),
(106,	1093,	20166,	'2025-04-01 22:39:00',	95,	'NK839057O3416463495',	0,	0,	0,	0,	0,	0,	0,	0,	0,	0,	0,	0,	0,	0,	0,	0,	0,	0,	0,	NULL,	NULL),
(107,	1093,	49923,	'2025-04-01 22:39:00',	91,	'N000F217O3416209191',	0,	0,	0,	0,	0,	0,	0,	0,	0,	0,	0,	0,	0,	0,	0,	0,	0,	0,	0,	NULL,	NULL),
(108,	1093,	49923,	'2025-04-01 22:39:00',	92,	'N000F227O3416209192',	0,	0,	0,	0,	0,	0,	0,	0,	0,	0,	0,	0,	0,	0,	0,	0,	0,	0,	0,	NULL,	NULL),
(109,	1093,	49923,	'2025-04-01 22:39:00',	93,	'N000F237O3416209193',	0,	0,	0,	0,	0,	0,	0,	0,	0,	0,	0,	0,	0,	0,	0,	0,	0,	0,	0,	NULL,	NULL),
(110,	1093,	49923,	'2025-04-01 22:39:00',	94,	'N000F247O3416209194',	0,	0,	0,	0,	0,	0,	0,	0,	0,	0,	0,	0,	0,	0,	0,	0,	0,	0,	0,	NULL,	NULL),
(111,	1093,	61236,	'2025-04-01 22:39:00',	91,	'NK837217O3416288591',	0,	0,	0,	0,	0,	0,	0,	0,	0,	0,	0,	0,	0,	0,	0,	0,	0,	0,	0,	NULL,	NULL),
(112,	1093,	61236,	'2025-04-01 22:39:00',	92,	'NK837227O3416288592',	0,	0,	0,	0,	0,	0,	0,	0,	0,	0,	0,	0,	0,	0,	0,	0,	0,	0,	0,	NULL,	NULL),
(113,	1093,	61236,	'2025-04-01 22:39:00',	94,	'NK837247O3416288594',	0,	0,	0,	0,	0,	0,	0,	0,	0,	0,	0,	0,	0,	0,	0,	0,	0,	0,	0,	NULL,	NULL),
(114,	1093,	61236,	'2025-04-01 22:39:00',	95,	'NK837257O3416288595',	0,	0,	0,	0,	0,	0,	0,	0,	0,	0,	0,	0,	0,	0,	0,	0,	0,	0,	0,	NULL,	NULL),
(77,	1093,	18847,	'2025-04-01 22:38:00',	91,	'NM700517O3415903591',	0,	0,	0,	0,	0,	0,	0,	0,	0,	0,	0,	0,	0,	0,	0,	0,	0,	0,	0,	NULL,	NULL),
(78,	1093,	18847,	'2025-04-01 22:38:00',	92,	'NM700527O3415903592',	0,	0,	0,	0,	0,	0,	0,	0,	0,	0,	0,	0,	0,	0,	0,	0,	0,	0,	0,	NULL,	NULL),
(79,	1093,	18847,	'2025-04-01 22:38:00',	93,	'NM700537O3415903593',	0,	0,	0,	0,	0,	0,	0,	0,	0,	0,	0,	0,	0,	0,	0,	0,	0,	0,	0,	NULL,	NULL),
(80,	1093,	19288,	'2025-04-01 22:38:00',	91,	'N0G17817O3416211191',	0,	0,	0,	0,	0,	0,	0,	0,	0,	0,	0,	0,	0,	0,	0,	0,	0,	0,	0,	NULL,	NULL),
(81,	1093,	19288,	'2025-04-01 22:38:00',	92,	'N0G17827O3416211192',	0,	0,	0,	0,	0,	0,	0,	0,	0,	0,	0,	0,	0,	0,	0,	0,	0,	0,	0,	NULL,	NULL),
(82,	1093,	19288,	'2025-04-01 22:38:00',	93,	'N0G17837O3416211193',	0,	0,	0,	0,	0,	0,	0,	0,	0,	0,	0,	0,	0,	0,	0,	0,	0,	0,	0,	NULL,	NULL),
(83,	1093,	19288,	'2025-04-01 22:38:00',	94,	'N0G17847O3416211194',	0,	0,	0,	0,	0,	0,	0,	0,	0,	0,	0,	0,	0,	0,	0,	0,	0,	0,	0,	NULL,	NULL),
(84,	1093,	20166,	'2025-04-01 22:38:00',	91,	'NK839017O3416463491',	0,	0,	0,	0,	0,	0,	0,	0,	0,	0,	0,	0,	0,	0,	0,	0,	0,	0,	0,	NULL,	NULL),
(85,	1093,	20166,	'2025-04-01 22:38:00',	92,	'NK839027O3416463492',	0,	0,	0,	0,	0,	0,	0,	0,	0,	0,	0,	0,	0,	0,	0,	0,	0,	0,	0,	NULL,	NULL),
(86,	1093,	20166,	'2025-04-01 22:38:00',	94,	'NK839047O3416463494',	0,	0,	0,	0,	0,	0,	0,	0,	0,	0,	0,	0,	0,	0,	0,	0,	0,	0,	0,	NULL,	NULL),
(87,	1093,	20166,	'2025-04-01 22:38:00',	95,	'NK839057O3416463495',	0,	0,	0,	0,	0,	0,	0,	0,	0,	0,	0,	0,	0,	0,	0,	0,	0,	0,	0,	NULL,	NULL),
(88,	1093,	49923,	'2025-04-01 22:38:00',	91,	'N000F217O3416209191',	0,	0,	0,	0,	0,	0,	0,	0,	0,	0,	0,	0,	0,	0,	0,	0,	0,	0,	0,	NULL,	NULL),
(89,	1093,	49923,	'2025-04-01 22:38:00',	92,	'N000F227O3416209192',	0,	0,	0,	0,	0,	0,	0,	0,	0,	0,	0,	0,	0,	0,	0,	0,	0,	0,	0,	NULL,	NULL),
(90,	1093,	49923,	'2025-04-01 22:38:00',	93,	'N000F237O3416209193',	0,	0,	0,	0,	0,	0,	0,	0,	0,	0,	0,	0,	0,	0,	0,	0,	0,	0,	0,	NULL,	NULL),
(91,	1093,	49923,	'2025-04-01 22:38:00',	94,	'N000F247O3416209194',	0,	0,	0,	0,	0,	0,	0,	0,	0,	0,	0,	0,	0,	0,	0,	0,	0,	0,	0,	NULL,	NULL),
(92,	1093,	61236,	'2025-04-01 22:38:00',	91,	'NK837217O3416288591',	0,	0,	0,	0,	0,	0,	0,	0,	0,	0,	0,	0,	0,	0,	0,	0,	0,	0,	0,	NULL,	NULL),
(93,	1093,	61236,	'2025-04-01 22:38:00',	92,	'NK837227O3416288592',	0,	0,	0,	0,	0,	0,	0,	0,	0,	0,	0,	0,	0,	0,	0,	0,	0,	0,	0,	NULL,	NULL),
(94,	1093,	61236,	'2025-04-01 22:38:00',	94,	'NK837247O3416288594',	0,	0,	0,	0,	0,	0,	0,	0,	0,	0,	0,	0,	0,	0,	0,	0,	0,	0,	0,	NULL,	NULL),
(95,	1093,	61236,	'2025-04-01 22:38:00',	95,	'NK837257O3416288595',	0,	0,	0,	0,	0,	0,	0,	0,	0,	0,	0,	0,	0,	0,	0,	0,	0,	0,	0,	NULL,	NULL),
(58,	1093,	18847,	'2025-04-01 22:37:00',	91,	'NM700517O3415903591',	0,	0,	0,	0,	0,	0,	0,	0,	0,	0,	0,	0,	0,	0,	0,	0,	0,	0,	0,	NULL,	NULL),
(59,	1093,	18847,	'2025-04-01 22:37:00',	92,	'NM700527O3415903592',	0,	0,	0,	0,	0,	0,	0,	0,	0,	0,	0,	0,	0,	0,	0,	0,	0,	0,	0,	NULL,	NULL),
(60,	1093,	18847,	'2025-04-01 22:37:00',	93,	'NM700537O3415903593',	0,	0,	0,	0,	0,	0,	0,	0,	0,	0,	0,	0,	0,	0,	0,	0,	0,	0,	0,	NULL,	NULL),
(61,	1093,	19288,	'2025-04-01 22:37:00',	91,	'N0G17817O3416211191',	0,	0,	0,	0,	0,	0,	0,	0,	0,	0,	0,	0,	0,	0,	0,	0,	0,	0,	0,	NULL,	NULL),
(62,	1093,	19288,	'2025-04-01 22:37:00',	92,	'N0G17827O3416211192',	0,	0,	0,	0,	0,	0,	0,	0,	0,	0,	0,	0,	0,	0,	0,	0,	0,	0,	0,	NULL,	NULL),
(63,	1093,	19288,	'2025-04-01 22:37:00',	93,	'N0G17837O3416211193',	0,	0,	0,	0,	0,	0,	0,	0,	0,	0,	0,	0,	0,	0,	0,	0,	0,	0,	0,	NULL,	NULL),
(64,	1093,	19288,	'2025-04-01 22:37:00',	94,	'N0G17847O3416211194',	0,	0,	0,	0,	0,	0,	0,	0,	0,	0,	0,	0,	0,	0,	0,	0,	0,	0,	0,	NULL,	NULL),
(65,	1093,	20166,	'2025-04-01 22:37:00',	91,	'NK839017O3416463491',	0,	0,	0,	0,	0,	0,	0,	0,	0,	0,	0,	0,	0,	0,	0,	0,	0,	0,	0,	NULL,	NULL),
(66,	1093,	20166,	'2025-04-01 22:37:00',	92,	'NK839027O3416463492',	0,	0,	0,	0,	0,	0,	0,	0,	0,	0,	0,	0,	0,	0,	0,	0,	0,	0,	0,	NULL,	NULL),
(67,	1093,	20166,	'2025-04-01 22:37:00',	94,	'NK839047O3416463494',	0,	0,	0,	0,	0,	0,	0,	0,	0,	0,	0,	0,	0,	0,	0,	0,	0,	0,	0,	NULL,	NULL),
(68,	1093,	20166,	'2025-04-01 22:37:00',	95,	'NK839057O3416463495',	0,	0,	0,	0,	0,	0,	0,	0,	0,	0,	0,	0,	0,	0,	0,	0,	0,	0,	0,	NULL,	NULL),
(69,	1093,	49923,	'2025-04-01 22:37:00',	91,	'N000F217O3416209191',	0,	0,	0,	1,	1,	0,	0,	1,	0,	0,	1,	0,	0,	0,	0,	0,	0,	0,	0,	NULL,	NULL),
(70,	1093,	49923,	'2025-04-01 22:37:00',	92,	'N000F227O3416209192',	0,	0,	0,	0,	0,	0,	0,	0,	0,	0,	0,	0,	0,	0,	0,	0,	0,	0,	0,	NULL,	NULL),
(71,	1093,	49923,	'2025-04-01 22:37:00',	93,	'N000F237O3416209193',	0,	0,	0,	0,	0,	0,	0,	0,	0,	0,	0,	0,	0,	0,	0,	0,	0,	0,	0,	NULL,	NULL),
(72,	1093,	49923,	'2025-04-01 22:37:00',	94,	'N000F247O3416209194',	0,	0,	0,	0,	0,	0,	0,	0,	0,	0,	0,	0,	0,	0,	0,	0,	0,	0,	0,	NULL,	NULL),
(73,	1093,	61236,	'2025-04-01 22:37:00',	91,	'NK837217O3416288591',	0,	0,	0,	0,	0,	0,	0,	0,	0,	0,	0,	0,	0,	0,	0,	0,	0,	0,	0,	NULL,	NULL),
(74,	1093,	61236,	'2025-04-01 22:37:00',	92,	'NK837227O3416288592',	0,	0,	0,	0,	0,	0,	0,	0,	0,	0,	0,	0,	0,	0,	0,	0,	0,	0,	0,	NULL,	NULL),
(75,	1093,	61236,	'2025-04-01 22:37:00',	94,	'NK837247O3416288594',	0,	0,	0,	0,	0,	0,	0,	0,	0,	0,	0,	0,	0,	0,	0,	0,	0,	0,	0,	NULL,	NULL),
(76,	1093,	61236,	'2025-04-01 22:37:00',	95,	'NK837257O3416288595',	0,	0,	0,	0,	0,	0,	0,	0,	0,	0,	0,	0,	0,	0,	0,	0,	0,	0,	0,	NULL,	NULL),
(39,	1093,	18847,	'2025-04-01 22:36:00',	91,	'NM700517O3415903591',	0,	0,	0,	0,	0,	0,	0,	0,	0,	0,	0,	0,	0,	0,	0,	0,	0,	0,	0,	NULL,	NULL),
(40,	1093,	18847,	'2025-04-01 22:36:00',	92,	'NM700527O3415903592',	0,	0,	0,	0,	0,	0,	0,	0,	0,	0,	0,	0,	0,	0,	0,	0,	0,	0,	0,	NULL,	NULL),
(41,	1093,	18847,	'2025-04-01 22:36:00',	93,	'NM700537O3415903593',	0,	0,	0,	0,	0,	0,	0,	0,	0,	0,	0,	0,	0,	0,	0,	0,	0,	0,	0,	NULL,	NULL),
(42,	1093,	19288,	'2025-04-01 22:36:00',	91,	'N0G17817O3416211191',	0,	0,	0,	0,	0,	0,	0,	0,	0,	0,	0,	0,	0,	0,	0,	0,	0,	0,	0,	NULL,	NULL),
(43,	1093,	19288,	'2025-04-01 22:36:00',	92,	'N0G17827O3416211192',	0,	0,	0,	0,	0,	0,	0,	0,	0,	0,	0,	0,	0,	0,	0,	0,	0,	0,	0,	NULL,	NULL),
(44,	1093,	19288,	'2025-04-01 22:36:00',	93,	'N0G17837O3416211193',	0,	0,	0,	0,	0,	0,	0,	0,	0,	0,	0,	0,	0,	0,	0,	0,	0,	0,	0,	NULL,	NULL),
(45,	1093,	19288,	'2025-04-01 22:36:00',	94,	'N0G17847O3416211194',	0,	0,	0,	0,	0,	0,	0,	0,	0,	0,	0,	0,	0,	0,	0,	0,	0,	0,	0,	NULL,	NULL),
(46,	1093,	20166,	'2025-04-01 22:36:00',	91,	'NK839017O3416463491',	0,	0,	0,	0,	0,	0,	0,	0,	0,	0,	0,	0,	0,	0,	0,	0,	0,	0,	0,	NULL,	NULL),
(47,	1093,	20166,	'2025-04-01 22:36:00',	92,	'NK839027O3416463492',	0,	0,	0,	0,	0,	0,	0,	0,	0,	0,	0,	0,	0,	0,	0,	0,	0,	0,	0,	NULL,	NULL),
(48,	1093,	20166,	'2025-04-01 22:36:00',	94,	'NK839047O3416463494',	0,	0,	0,	0,	0,	0,	0,	0,	0,	0,	0,	0,	0,	0,	0,	0,	0,	0,	0,	NULL,	NULL),
(49,	1093,	20166,	'2025-04-01 22:36:00',	95,	'NK839057O3416463495',	0,	0,	0,	0,	0,	0,	0,	0,	0,	0,	0,	0,	0,	0,	0,	0,	0,	0,	0,	NULL,	NULL),
(50,	1093,	49923,	'2025-04-01 22:36:00',	91,	'N000F217O3416209191',	0,	0,	0,	0,	0,	0,	0,	0,	0,	0,	0,	0,	0,	0,	0,	0,	0,	0,	0,	NULL,	NULL),
(51,	1093,	49923,	'2025-04-01 22:36:00',	92,	'N000F227O3416209192',	0,	0,	0,	0,	0,	0,	0,	0,	0,	0,	0,	0,	0,	0,	0,	0,	0,	0,	0,	NULL,	NULL),
(52,	1093,	49923,	'2025-04-01 22:36:00',	93,	'N000F237O3416209193',	0,	0,	0,	0,	0,	0,	0,	0,	0,	0,	0,	0,	0,	0,	0,	0,	0,	0,	0,	NULL,	NULL),
(53,	1093,	49923,	'2025-04-01 22:36:00',	94,	'N000F247O3416209194',	0,	0,	0,	2,	2,	0,	0,	2,	0,	0,	2,	0,	0,	0,	0,	0,	0,	0,	0,	NULL,	NULL),
(54,	1093,	61236,	'2025-04-01 22:36:00',	91,	'NK837217O3416288591',	0,	0,	0,	0,	0,	0,	0,	0,	0,	0,	0,	0,	0,	0,	0,	0,	0,	0,	0,	NULL,	NULL),
(55,	1093,	61236,	'2025-04-01 22:36:00',	92,	'NK837227O3416288592',	0,	0,	0,	0,	0,	0,	0,	0,	0,	0,	0,	0,	0,	0,	0,	0,	0,	0,	0,	NULL,	NULL),
(56,	1093,	61236,	'2025-04-01 22:36:00',	94,	'NK837247O3416288594',	0,	0,	0,	0,	0,	0,	0,	0,	0,	0,	0,	0,	0,	0,	0,	0,	0,	0,	0,	NULL,	NULL),
(57,	1093,	61236,	'2025-04-01 22:36:00',	95,	'NK837257O3416288595',	0,	0,	0,	0,	0,	0,	0,	0,	0,	0,	0,	0,	0,	0,	0,	0,	0,	0,	0,	NULL,	NULL),
(20,	1093,	18847,	'2025-04-01 22:35:00',	91,	'NM700517O3415903591',	0,	0,	0,	0,	0,	0,	0,	0,	0,	0,	0,	0,	0,	0,	0,	0,	0,	0,	0,	NULL,	NULL),
(21,	1093,	18847,	'2025-04-01 22:35:00',	92,	'NM700527O3415903592',	0,	0,	0,	0,	0,	0,	0,	0,	0,	0,	0,	0,	0,	0,	0,	0,	0,	0,	0,	NULL,	NULL),
(22,	1093,	18847,	'2025-04-01 22:35:00',	93,	'NM700537O3415903593',	0,	0,	0,	0,	0,	0,	0,	0,	0,	0,	0,	0,	0,	0,	0,	0,	0,	0,	0,	NULL,	NULL),
(23,	1093,	19288,	'2025-04-01 22:35:00',	91,	'N0G17817O3416211191',	0,	0,	0,	0,	0,	0,	0,	0,	0,	0,	0,	0,	0,	0,	0,	0,	0,	0,	0,	NULL,	NULL),
(24,	1093,	19288,	'2025-04-01 22:35:00',	92,	'N0G17827O3416211192',	0,	0,	0,	0,	0,	0,	0,	0,	0,	0,	0,	0,	0,	0,	0,	0,	0,	0,	0,	NULL,	NULL),
(25,	1093,	19288,	'2025-04-01 22:35:00',	93,	'N0G17837O3416211193',	0,	0,	0,	0,	0,	0,	0,	0,	0,	0,	0,	0,	0,	0,	0,	0,	0,	0,	0,	NULL,	NULL),
(26,	1093,	19288,	'2025-04-01 22:35:00',	94,	'N0G17847O3416211194',	0,	0,	0,	0,	0,	0,	0,	0,	0,	0,	0,	0,	0,	0,	0,	0,	0,	0,	0,	NULL,	NULL),
(27,	1093,	20166,	'2025-04-01 22:35:00',	91,	'NK839017O3416463491',	0,	0,	0,	0,	0,	0,	0,	0,	0,	0,	0,	0,	0,	0,	0,	0,	0,	0,	0,	NULL,	NULL),
(28,	1093,	20166,	'2025-04-01 22:35:00',	92,	'NK839027O3416463492',	0,	0,	0,	0,	0,	0,	0,	0,	0,	0,	0,	0,	0,	0,	0,	0,	0,	0,	0,	NULL,	NULL),
(29,	1093,	20166,	'2025-04-01 22:35:00',	94,	'NK839047O3416463494',	0,	0,	0,	0,	0,	0,	0,	0,	0,	0,	0,	0,	0,	0,	0,	0,	0,	0,	0,	NULL,	NULL),
(30,	1093,	20166,	'2025-04-01 22:35:00',	95,	'NK839057O3416463495',	0,	0,	0,	0,	0,	0,	0,	0,	0,	0,	0,	0,	0,	0,	0,	0,	0,	0,	0,	NULL,	NULL),
(31,	1093,	49923,	'2025-04-01 22:35:00',	91,	'N000F217O3416209191',	0,	0,	0,	0,	0,	0,	0,	0,	0,	0,	0,	0,	0,	0,	0,	0,	0,	0,	0,	NULL,	NULL),
(32,	1093,	49923,	'2025-04-01 22:35:00',	92,	'N000F227O3416209192',	0,	0,	0,	0,	0,	0,	0,	0,	0,	0,	0,	0,	0,	0,	0,	0,	0,	0,	0,	NULL,	NULL),
(33,	1093,	49923,	'2025-04-01 22:35:00',	93,	'N000F237O3416209193',	0,	0,	0,	0,	0,	0,	0,	0,	0,	0,	0,	0,	0,	0,	0,	0,	0,	0,	0,	NULL,	NULL),
(34,	1093,	49923,	'2025-04-01 22:35:00',	94,	'N000F247O3416209194',	0,	0,	0,	0,	0,	0,	0,	0,	0,	0,	0,	0,	0,	0,	0,	0,	0,	0,	0,	NULL,	NULL),
(35,	1093,	61236,	'2025-04-01 22:35:00',	91,	'NK837217O3416288591',	0,	0,	0,	0,	0,	0,	0,	0,	0,	0,	0,	0,	0,	0,	0,	0,	0,	0,	0,	NULL,	NULL),
(36,	1093,	61236,	'2025-04-01 22:35:00',	92,	'NK837227O3416288592',	0,	0,	0,	0,	0,	0,	0,	0,	0,	0,	0,	0,	0,	0,	0,	0,	0,	0,	0,	NULL,	NULL),
(37,	1093,	61236,	'2025-04-01 22:35:00',	94,	'NK837247O3416288594',	0,	0,	0,	0,	0,	0,	0,	0,	0,	0,	0,	0,	0,	0,	0,	0,	0,	0,	0,	NULL,	NULL),
(38,	1093,	61236,	'2025-04-01 22:35:00',	95,	'NK837257O3416288595',	0,	0,	0,	0,	0,	0,	0,	0,	0,	0,	0,	0,	0,	0,	0,	0,	0,	0,	0,	NULL,	NULL),
(1,	1093,	18847,	'2025-04-01 22:34:00',	91,	'NM700517O3415903591',	0,	0,	0,	0,	0,	0,	0,	0,	0,	0,	0,	0,	0,	0,	0,	0,	0,	0,	0,	NULL,	NULL),
(2,	1093,	18847,	'2025-04-01 22:34:00',	92,	'NM700527O3415903592',	0,	0,	0,	0,	0,	0,	0,	0,	0,	0,	0,	0,	0,	0,	0,	0,	0,	0,	0,	NULL,	NULL),
(3,	1093,	18847,	'2025-04-01 22:34:00',	93,	'NM700537O3415903593',	0,	0,	0,	0,	0,	0,	0,	0,	0,	0,	0,	0,	0,	0,	0,	0,	0,	0,	0,	NULL,	NULL),
(4,	1093,	19288,	'2025-04-01 22:34:00',	91,	'N0G17817O3416211191',	0,	0,	0,	0,	0,	0,	0,	0,	0,	0,	0,	0,	0,	0,	0,	0,	0,	0,	0,	NULL,	NULL),
(5,	1093,	19288,	'2025-04-01 22:34:00',	92,	'N0G17827O3416211192',	0,	0,	0,	0,	0,	0,	0,	0,	0,	0,	0,	0,	0,	0,	0,	0,	0,	0,	0,	NULL,	NULL),
(6,	1093,	19288,	'2025-04-01 22:34:00',	93,	'N0G17837O3416211193',	0,	0,	0,	0,	0,	0,	0,	0,	0,	0,	0,	0,	0,	0,	0,	0,	0,	0,	0,	NULL,	NULL),
(7,	1093,	19288,	'2025-04-01 22:34:00',	94,	'N0G17847O3416211194',	0,	0,	0,	0,	0,	0,	0,	0,	0,	0,	0,	0,	0,	0,	0,	0,	0,	0,	0,	NULL,	NULL),
(8,	1093,	20166,	'2025-04-01 22:34:00',	91,	'NK839017O3416463491',	0,	0,	0,	0,	0,	0,	0,	0,	0,	0,	0,	0,	0,	0,	0,	0,	0,	0,	0,	NULL,	NULL),
(9,	1093,	20166,	'2025-04-01 22:34:00',	92,	'NK839027O3416463492',	0,	0,	0,	0,	0,	0,	0,	0,	0,	0,	0,	0,	0,	0,	0,	0,	0,	0,	0,	NULL,	NULL),
(10,	1093,	20166,	'2025-04-01 22:34:00',	94,	'NK839047O3416463494',	0,	0,	0,	0,	0,	0,	0,	0,	0,	0,	0,	0,	0,	0,	0,	0,	0,	0,	0,	NULL,	NULL),
(11,	1093,	20166,	'2025-04-01 22:34:00',	95,	'NK839057O3416463495',	0,	0,	0,	0,	0,	0,	0,	0,	0,	0,	0,	0,	0,	0,	0,	0,	0,	0,	0,	NULL,	NULL),
(12,	1093,	49923,	'2025-04-01 22:34:00',	91,	'N000F217O3416209191',	0,	0,	0,	0,	0,	0,	0,	0,	0,	0,	0,	0,	0,	0,	0,	0,	0,	0,	0,	NULL,	NULL),
(13,	1093,	49923,	'2025-04-01 22:34:00',	92,	'N000F227O3416209192',	0,	0,	0,	0,	0,	0,	0,	0,	0,	0,	0,	0,	0,	0,	0,	0,	0,	0,	0,	NULL,	NULL),
(14,	1093,	49923,	'2025-04-01 22:34:00',	93,	'N000F237O3416209193',	0,	0,	0,	0,	0,	0,	0,	0,	0,	0,	0,	0,	0,	0,	0,	0,	0,	0,	0,	NULL,	NULL),
(15,	1093,	49923,	'2025-04-01 22:34:00',	94,	'N000F247O3416209194',	0,	0,	0,	0,	0,	0,	0,	0,	0,	0,	0,	0,	0,	0,	0,	0,	0,	0,	0,	NULL,	NULL),
(16,	1093,	61236,	'2025-04-01 22:34:00',	91,	'NK837217O3416288591',	0,	0,	0,	0,	0,	0,	0,	0,	0,	0,	0,	0,	0,	0,	0,	0,	0,	0,	0,	NULL,	NULL),
(17,	1093,	61236,	'2025-04-01 22:34:00',	92,	'NK837227O3416288592',	0,	0,	0,	0,	0,	0,	0,	0,	0,	0,	0,	0,	0,	0,	0,	0,	0,	0,	0,	NULL,	NULL),
(18,	1093,	61236,	'2025-04-01 22:34:00',	94,	'NK837247O3416288594',	0,	0,	0,	0,	0,	0,	0,	0,	0,	0,	0,	0,	0,	0,	0,	0,	0,	0,	0,	NULL,	NULL),
(19,	1093,	61236,	'2025-04-01 22:34:00',	95,	'NK837257O3416288595',	0,	0,	0,	0,	0,	0,	0,	0,	0,	0,	0,	0,	0,	0,	0,	0,	0,	0,	0,	NULL,	NULL);
